0.46922642 0.5307736
0.47712725 0.52287275
0.49302965 0.50697035
0.44597724 0.5540228
0.41717067 0.58282936
0.42462468 0.5753753
0.4999751 0.5000249
0.40884966 0.59115034
0.4306984 0.5693016
0.49544436 0.50455564
0.4307868 0.5692132
0.4682689 0.5317311
0.42781138 0.5721886
0.45696622 0.5430338
0.43820274 0.56179726
0.48982087 0.51017916
0.43008423 0.5699158
0.45173287 0.5482671
0.45106125 0.54893875
0.49208015 0.50791985
0.41398478 0.5860152
0.41970977 0.5802902
0.43153462 0.56846535
0.41459078 0.5854092
0.42142156 0.5785785
0.428727 0.57127297
0.4687441 0.5312559
0.45581132 0.5441887
0.42352536 0.57647467
0.46800333 0.53199667
0.43812215 0.56187785
0.41590285 0.58409715
0.45923156 0.54076844
0.43611994 0.5638801
0.42808464 0.5719154
0.48825163 0.5117484
0.4994907 0.50050926
0.48414353 0.5158565
0.4862743 0.5137257
0.4340887 0.5659113
0.41564438 0.5843556
0.40427712 0.5957229
0.4239839 0.57601607
0.4274784 0.57252157
0.42856085 0.57143915
0.42861074 0.57138926
0.41357958 0.5864204
0.4574644 0.5425356
0.47162682 0.5283732
0.40606615 0.5939338
0.49564922 0.5043508
0.48897 0.51102996
0.46584547 0.53415453
0.43244195 0.56755805
0.42077053 0.5792295
0.4255004 0.5744996
0.42562202 0.574378
0.4027811 0.5972189
0.4979157 0.5020843
0.46490195 0.5350981
0.42757657 0.57242346
0.43718863 0.5628114
0.4468209 0.5531791
0.42055613 0.5794439
0.43729317 0.5627068
0.4782136 0.5217864
0.49893528 0.5010647
0.442006 0.557994
0.4887765 0.5112235
0.40067163 0.5993284
0.44154894 0.55845106
0.4648215 0.53517854
0.4718231 0.5281769
0.48944137 0.5105586
0.4383124 0.5616876
0.45123285 0.54876715
0.49612597 0.50387406
0.40073553 0.5992645
0.42312834 0.57687163
0.45362306 0.54637694
0.48941898 0.510581
0.45794693 0.5420531
0.48369795 0.51630205
0.4009886 0.5990114
0.40747428 0.5925257
0.47912475 0.5208752
0.40060592 0.5993941
0.4190086 0.5809914
0.4661886 0.5338114
0.4532162 0.5467838
0.40178016 0.5982199
0.49481314 0.50518686
0.41145754 0.58854246
0.4046676 0.5953324
0.49027592 0.5097241
0.4808281 0.5191719
0.4159596 0.5840404
0.40065947 0.59934056
0.46427304 0.53572696
0.43482742 0.56517255
0.40739873 0.5926013
0.49017847 0.50982153
0.44091284 0.55908716
0.40494952 0.59505045
0.43594474 0.56405526
0.4905241 0.5094759
0.4899074 0.5100926
0.4160578 0.5839422
0.4033917 0.5966083
0.4952168 0.5047832
0.49738574 0.50261426
0.4967423 0.5032577
0.44756153 0.5524385
0.45835894 0.54164106
0.42361194 0.57638806
0.42527446 0.5747255
0.44561845 0.55438155
0.4339249 0.5660751
0.4340705 0.56592953
0.47780073 0.5221993
0.4272845 0.5727155
0.46670806 0.53329194
0.4787444 0.5212556
0.43378285 0.5662172
0.44355085 0.5564492
0.45260587 0.54739416
0.45143634 0.54856366
0.48270315 0.51729685
0.4981569 0.5018431
0.400948 0.599052
0.4004195 0.5995805
0.48312342 0.5168766
0.4378462 0.5621538
0.42190018 0.57809985
0.4456846 0.5543154
0.41071194 0.58928806
0.41697118 0.5830288
0.4221687 0.57783127
0.4603844 0.53961563
0.49153382 0.5084662
0.40264148 0.5973585
0.42499897 0.575001
0.4543209 0.5456791
0.49869394 0.50130606
0.4297151 0.5702849
0.490388 0.50961196
0.44129002 0.55871
0.46350083 0.53649914
0.4018781 0.5981219
0.4782024 0.5217976
0.45885298 0.541147
0.4259041 0.5740959
0.43592468 0.56407535
0.47624496 0.5237551
0.43731612 0.5626839
0.48494267 0.5150573
0.4143132 0.5856868
0.44999558 0.5500044
0.42699075 0.57300925
0.48639128 0.5136087
0.41295868 0.5870413
0.4070733 0.59292674
0.46312433 0.53687567
0.42596218 0.5740378
0.4456653 0.5543347
0.47896418 0.5210358
0.42101812 0.5789819
0.43262187 0.56737816
0.46971074 0.5302893
0.42743778 0.5725622
0.49456 0.50544
0.41850948 0.5814905
0.49630865 0.5036913
0.43312728 0.5668727
0.48784256 0.51215744
0.47596538 0.5240346
0.43434212 0.56565785
0.44744518 0.55255485
0.46353856 0.5364615
0.42083877 0.5791612
0.4836936 0.5163064
0.40547097 0.59452903
0.44987297 0.550127
0.42942825 0.5705718
0.43996096 0.56003904
0.48097345 0.5190265
0.46349826 0.53650177
0.4796579 0.5203421
0.4947843 0.5052157
0.4554125 0.5445875
0.45995656 0.5400435
0.4618703 0.5381297
0.47244334 0.52755666
0.4567892 0.5432108
0.43361652 0.5663835
0.4063918 0.5936082
0.41677836 0.5832217
0.47362018 0.5263798
0.47757658 0.5224234
0.45268667 0.54731333
0.47526512 0.52473485
0.48472783 0.51527214
0.49851277 0.50148726
0.40806603 0.59193397
0.40254977 0.59745026
0.45694143 0.5430586
0.41878712 0.5812129
0.48845553 0.51154447
0.4103672 0.5896328
0.45128724 0.54871273
0.46506417 0.53493583
0.4623868 0.5376132
0.47050104 0.52949893
0.435771 0.564229
0.4836175 0.51638246
0.46751255 0.53248745
0.47739607 0.5226039
0.4618111 0.53818893
0.41790324 0.58209676
0.48116878 0.51883125
0.4075462 0.59245384
0.4528124 0.54718757
0.45642 0.54358
0.44077948 0.55922055
0.46332675 0.53667325
0.49601388 0.5039861
0.46941456 0.5305854
0.45029083 0.5497092
0.43507493 0.5649251
0.42835093 0.5716491
0.40947014 0.59052986
0.444299 0.555701
0.46089023 0.53910977
0.44904 0.55096
0.49807215 0.50192785
0.46070215 0.5392978
0.42965508 0.5703449
0.4412162 0.55878377
0.4132079 0.5867921
0.42279297 0.577207
0.44108897 0.558911
0.42666328 0.5733367
0.44932735 0.55067265
0.49622834 0.50377166
0.44932058 0.55067945
0.48660558 0.5133944
0.4654811 0.5345189
0.49073005 0.50926995
0.45715702 0.542843
0.4864323 0.5135677
0.41831198 0.58168805
0.49215472 0.5078453
0.49203646 0.50796354
0.48269302 0.517307
0.44747823 0.55252177
0.44874486 0.5512551
0.45788026 0.54211974
0.47078413 0.5292159
0.4306673 0.5693327
0.41551048 0.5844895
0.45596835 0.5440316
0.470559 0.529441
0.46128842 0.53871155
0.4461681 0.55383193
0.43108344 0.56891656
0.46194196 0.53805804
0.4667303 0.5332697
0.4865097 0.5134903
0.4718135 0.5281865
0.44377556 0.55622447
0.40090603 0.599094
0.42878836 0.57121164
0.45170423 0.54829574
0.412334 0.58766603
0.45574898 0.544251
0.42535704 0.57464296
0.49723998 0.50276005
0.46621037 0.53378963
0.41542485 0.5845752
0.4411391 0.5588609
0.44398618 0.5560138
0.4424073 0.5575927
0.42029497 0.579705
0.4192392 0.58076084
0.49413246 0.50586754
0.49112839 0.5088716
0.43044424 0.56955576
0.4360893 0.5639107
0.4997366 0.5002634
0.46007562 0.5399244
0.4388367 0.5611633
0.47875947 0.52124053
0.42312604 0.57687396
0.4029522 0.5970478
0.45811835 0.5418817
0.48594397 0.514056
0.41629207 0.5837079
0.40951234 0.59048766
0.44456494 0.55543506
0.46206933 0.53793067
0.4029425 0.59705746
0.46697697 0.533023
0.43715915 0.5628408
0.45547497 0.544525
0.43836814 0.56163186
0.40257454 0.59742546
0.4650775 0.5349225
0.46269715 0.53730285
0.48809993 0.51190007
0.4339163 0.56608367
0.49278972 0.50721025
0.49045378 0.5095462
0.40138152 0.5986185
0.49281806 0.50718194
0.44554612 0.55445385
0.40252984 0.59747016
0.45547256 0.5445274
0.42553195 0.574468
0.42755467 0.57244533
0.46713355 0.5328665
0.44385594 0.55614406
0.45635474 0.54364526
0.42309025 0.5769098
0.42218977 0.5778102
0.47583184 0.52416813
0.45793968 0.5420603
0.42408168 0.5759183
0.4039982 0.5960018
0.46818954 0.53181046
0.41165924 0.58834076
0.49061608 0.5093839
0.40145594 0.59854406
0.4682855 0.5317145
0.4887336 0.5112664
0.41029325 0.5897068
0.4706148 0.5293852
0.4565665 0.5434335
0.41592747 0.58407253
0.49158895 0.50841105
0.41459432 0.5854057
0.43416575 0.5658343
0.45056993 0.5494301
0.4303293 0.5696707
0.44835413 0.5516459
0.4866758 0.5133242
0.4718629 0.5281371
0.46053958 0.5394604
0.4683091 0.5316909
0.49644133 0.50355864
0.489721 0.510279
0.4627481 0.5372519
0.42929497 0.57070506
0.4235304 0.5764696
0.49681693 0.50318307
0.46056128 0.5394387
0.40854198 0.591458
0.49663675 0.50336325
0.4298628 0.5701372
0.41672155 0.5832784
0.42690504 0.57309496
0.4328545 0.56714547
0.44437027 0.55562973
0.42656425 0.5734358
0.49628747 0.50371253
0.45287564 0.5471244
0.4982591 0.50174093
0.44253498 0.557465
0.42966756 0.5703324
0.47694588 0.5230541
0.4847684 0.5152316
0.46861756 0.53138244
0.4651374 0.53486264
0.4725574 0.5274426
0.42297044 0.5770296
0.41297084 0.58702916
0.488293 0.511707
0.4500627 0.5499373
0.48631212 0.51368785
0.47351372 0.5264863
0.43337733 0.5666227
0.439735 0.560265
0.44318733 0.55681264
0.4429989 0.5570011
0.47030103 0.52969897
0.41777554 0.5822245
0.47755995 0.5224401
0.4724369 0.5275631
0.43933535 0.56066465
0.41183132 0.5881687
0.42571157 0.5742884
0.46120378 0.5387962
0.42405015 0.57594985
0.4967356 0.5032644
0.44066903 0.55933094
0.4689334 0.5310666
0.49192464 0.50807536
0.46647608 0.5335239
0.43981165 0.56018835
0.49577054 0.5042294
0.49730355 0.50269645
0.47766232 0.5223377
0.48621827 0.5137817
0.44722247 0.5527775
0.47047058 0.52952945
0.43422255 0.5657774
0.4229086 0.5770914
0.41547227 0.58452773
0.4682056 0.5317944
0.47189355 0.52810645
0.45490527 0.5450947
0.4984992 0.5015008
0.45264542 0.5473546
0.46781376 0.53218627
0.48012808 0.51987195
0.43953758 0.5604624
0.4877324 0.5122676
0.4552682 0.5447318
0.4938431 0.5061569
0.40812325 0.59187675
0.40367392 0.5963261
0.49773717 0.50226283
0.42250374 0.5774963
0.42275536 0.57724464
0.42224512 0.57775486
0.42416736 0.5758326
0.48192942 0.5180706
0.47778356 0.52221644
0.41146016 0.58853984
0.45858827 0.54141176
0.43228436 0.56771564
0.44075283 0.55924714
0.49870098 0.501299
0.45673695 0.5432631
0.4252611 0.57473886
0.4574881 0.54251194
0.40981475 0.5901853
0.46765912 0.5323409
0.49091232 0.5090877
0.4032618 0.5967382
0.499349 0.500651
0.44109896 0.5589011
0.42137876 0.57862127
0.47955477 0.5204452
0.49810648 0.5018935
0.438279 0.56172097
0.43718046 0.56281954
0.4795729 0.5204271
0.48653528 0.5134647
0.4437664 0.55623364
0.4586905 0.5413095
0.47422406 0.5257759
0.41634202 0.583658
0.47658634 0.52341366
0.4397364 0.56026363
0.45537966 0.54462034
0.4797867 0.5202133
0.4644292 0.5355708
0.40216377 0.59783626
0.41559908 0.5844009
0.49263614 0.50736386
0.48105654 0.5189434
0.41745594 0.5825441
0.42493758 0.5750624
0.4757263 0.5242737
0.4869802 0.5130198
0.46573827 0.5342617
0.4464617 0.5535383
0.47708222 0.52291775
0.43863997 0.56136
0.48227984 0.51772016
0.48427817 0.5157218
0.46632987 0.5336701
0.42392653 0.57607347
0.45825082 0.5417492
0.45643875 0.5435612
0.42711356 0.57288647
0.47674477 0.5232552
0.47925454 0.52074546
0.4408907 0.55910933
0.40943784 0.59056216
0.46271822 0.53728175
0.46483338 0.5351666
0.464343 0.535657
0.44008797 0.559912
0.48457608 0.5154239
0.4117808 0.58821917
0.45399025 0.5460098
0.4458609 0.55413914
0.40894726 0.5910528
0.40247706 0.597523
0.4219004 0.5780996
0.44578835 0.5542116
0.46515787 0.53484213
0.41387576 0.58612424
0.4069996 0.5930004
0.41750327 0.58249676
0.49829078 0.5017092
0.44121134 0.55878866
0.43066874 0.5693313
0.45732746 0.5426725
0.46361715 0.53638285
0.49652788 0.5034721
0.45813274 0.54186726
0.4481693 0.5518307
0.4523769 0.5476231
0.49648008 0.5035199
0.45499364 0.5450064
0.41880876 0.58119124
0.41378236 0.58621764
0.48868632 0.5113137
0.40559942 0.5944006
0.43488467 0.56511533
0.42824203 0.571758
0.4977135 0.5022865
0.4405984 0.55940163
0.40408325 0.59591675
0.40115634 0.5988437
0.41497502 0.58502495
0.4885828 0.5114172
0.49438852 0.5056115
0.42985523 0.5701448
0.40037537 0.59962463
0.43461773 0.56538224
0.4212778 0.57872224
0.4004552 0.59954476
0.49645224 0.5035478
0.42249262 0.5775074
0.4229994 0.5770006
0.47781628 0.5221837
0.43355256 0.56644744
0.49183053 0.5081695
0.40318397 0.59681606
0.4372035 0.5627965
0.4775737 0.5224263
0.43747061 0.5625294
0.48936912 0.51063085
0.49930698 0.500693
0.49543536 0.50456464
0.4153808 0.58461916
0.4104721 0.5895279
0.41006663 0.5899334
0.46003065 0.5399693
0.44575942 0.5542406
0.4286589 0.5713411
0.4042453 0.59575474
0.49072167 0.5092783
0.42477703 0.57522297
0.48916405 0.51083595
0.41625768 0.5837423
0.4464735 0.5535265
0.47391477 0.52608526
0.40516543 0.59483457
0.4719818 0.52801824
0.46175593 0.53824407
0.4507686 0.5492314
0.4333454 0.56665456
0.41934296 0.580657
0.49383807 0.5061619
0.40906203 0.590938
0.47619927 0.52380073
0.47917825 0.52082175
0.44455075 0.55544925
0.42647952 0.5735205
0.45345402 0.546546
0.45288572 0.54711425
0.46561486 0.53438514
0.4065921 0.59340787
0.47593102 0.52406895
0.43728167 0.56271833
0.42337734 0.57662266
0.4114405 0.5885595
0.45195135 0.5480486
0.45999864 0.5400014
0.49354386 0.50645614
0.49823487 0.50176513
0.40664405 0.59335595
0.4518482 0.5481518
0.4189389 0.5810611
0.48846892 0.5115311
0.43475455 0.56524545
0.43735927 0.5626407
0.49175754 0.5082425
0.47655395 0.5234461
0.4309598 0.5690402
0.47690406 0.52309597
0.41010714 0.58989286
0.4354511 0.5645489
0.443069 0.556931
0.4484862 0.5515138
0.48025626 0.51974374
0.432895 0.567105
0.4117062 0.5882938
0.43398818 0.5660118
0.48003092 0.5199691
0.444865 0.555135
0.48515317 0.5148468
0.43655795 0.56344205
0.48009998 0.5199
0.47193822 0.52806175
0.44494814 0.55505186
0.49283683 0.50716317
0.49827003 0.50172997
0.45982167 0.5401783
0.4600328 0.5399672
0.44278997 0.55721
0.4289039 0.57109606
0.4572214 0.5427786
0.4527867 0.5472133
0.48790866 0.51209134
0.49592787 0.5040721
0.47558883 0.5244112
0.41096035 0.5890397
0.486718 0.513282
0.47165978 0.5283402
0.41716778 0.5828322
0.49155313 0.5084469
0.49541134 0.50458866
0.45147842 0.5485216
0.46796876 0.53203124
0.43485987 0.5651401
0.43633005 0.5636699
0.41356918 0.5864308
0.4473009 0.5526991
0.4700638 0.5299362
0.45422965 0.54577035
0.40418917 0.59581083
0.4787262 0.5212738
0.42760316 0.5723969
0.4493622 0.55063784
0.48004943 0.51995057
0.41507798 0.584922
0.4910165 0.5089835
0.45618156 0.5438185
0.4342062 0.5657938
0.44369975 0.5563003
0.44260183 0.5573982
0.43124908 0.5687509
0.41198635 0.58801365
0.47421592 0.5257841
0.4028168 0.5971832
0.46772557 0.5322744
0.43083575 0.5691643
0.40867868 0.59132135
0.42583072 0.5741693
0.40276352 0.5972365
0.46835318 0.53164685
0.44224685 0.55775315
0.4793202 0.52067983
0.43240193 0.5675981
0.44043338 0.5595666
0.4509627 0.54903734
0.48472816 0.51527184
0.42125285 0.57874715
0.41871074 0.5812893
0.40048617 0.5995138
0.40121028 0.5987897
0.45513487 0.54486513
0.46540886 0.53459114
0.424052 0.575948
0.4033981 0.5966019
0.4645674 0.5354326
0.43375638 0.56624365
0.43443733 0.56556267
0.47457618 0.5254238
0.40770954 0.59229046
0.48663822 0.5133618
0.49314815 0.50685185
0.46599618 0.53400385
0.44005367 0.5599463
0.4518548 0.5481452
0.41535613 0.58464384
0.4122913 0.5877087
0.48257273 0.51742727
0.46288973 0.53711027
0.41482744 0.58517253
0.478731 0.52126896
0.46454287 0.53545713
0.4886799 0.5113201
0.43629923 0.5637008
0.49900258 0.5009974
0.46242857 0.53757143
0.4868357 0.5131643
0.49486202 0.505138
0.47680563 0.5231944
0.49049556 0.50950444
0.48622677 0.5137732
0.44914126 0.55085874
0.42237723 0.5776228
0.47350097 0.52649903
0.44976637 0.5502336
0.4874096 0.5125904
0.4362208 0.56377923
0.42805937 0.57194066
0.44612595 0.553874
0.415385 0.584615
0.48014614 0.51985383
0.4258664 0.57413363
0.4492265 0.5507735
0.48838165 0.5116184
0.42172164 0.57827836
0.44976392 0.5502361
0.48793936 0.51206064
0.41253722 0.5874628
0.40419585 0.59580415
0.48603314 0.51396686
0.42677602 0.57322395
0.42285645 0.57714355
0.40096325 0.59903675
0.42451495 0.57548505
0.44993377 0.55006623
0.49189892 0.5081011
0.48614335 0.51385665
0.48844954 0.5115504
0.49583697 0.504163
0.42318612 0.5768139
0.48115504 0.51884496
0.49667645 0.50332355
0.4283902 0.5716098
0.48608384 0.51391613
0.49078745 0.50921255
0.4365987 0.56340134
0.45604038 0.5439596
0.45251802 0.547482
0.40793324 0.59206676
0.47237748 0.5276225
0.49481386 0.50518614
0.47669485 0.5233052
0.48274326 0.51725674
0.40500247 0.5949975
0.43815982 0.5618402
0.4796871 0.5203129
0.40160564 0.5983944
0.45321143 0.5467886
0.4665774 0.5334226
0.42770383 0.57229614
0.44212443 0.5578756
0.43527585 0.56472415
0.41650695 0.58349305
0.47057143 0.5294286
0.4158555 0.5841445
0.40571642 0.5942836
0.45640466 0.5435953
0.4657014 0.5342986
0.4115469 0.5884531
0.49170053 0.50829947
0.42460603 0.575394
0.46980155 0.53019845
0.42888492 0.5711151
0.48043722 0.5195628
0.4836125 0.51638746
0.4820457 0.5179543
0.45640337 0.5435966
0.49263978 0.5073602
0.42988968 0.5701103
0.4200076 0.5799924
0.4404758 0.5595242
0.44784698 0.552153
0.476567 0.52343297
0.41426516 0.58573484
0.4060466 0.5939534
0.47300777 0.5269922
0.49317402 0.506826
0.49637234 0.50362766
0.48683566 0.51316434
0.4046716 0.5953284
0.42394933 0.57605064
0.4477225 0.5522775
0.49981695 0.50018305
0.42579216 0.57420784
0.40900823 0.59099174
0.43102106 0.5689789
0.46582383 0.5341762
0.41385928 0.58614075
0.44467604 0.55532396
0.45920336 0.54079664
0.4181999 0.5818001
0.43996072 0.5600393
0.46101105 0.53898895
0.49348542 0.50651455
0.49557787 0.5044221
0.48681423 0.51318574
0.4530602 0.5469398
0.46168718 0.5383128
0.42418063 0.5758194
0.4916079 0.5083921
0.41808942 0.5819106
0.4116611 0.5883389
0.42182863 0.5781714
0.47902286 0.52097714
0.41265196 0.58734804
0.49998325 0.50001675
0.41121802 0.58878195
0.42105937 0.57894063
0.4590087 0.5409913
0.41108763 0.58891237
0.4655352 0.53446484
0.49496883 0.50503117
0.415786 0.584214
0.43444344 0.5655565
0.4534266 0.5465734
0.46601844 0.53398156
0.42438853 0.5756115
0.44702357 0.5529764
0.4630053 0.5369947
0.47348502 0.526515
0.44308224 0.5569178
0.46945208 0.5305479
0.4115192 0.58848083
0.45981443 0.5401856
0.41314158 0.5868584
0.4320005 0.5679995
0.40800145 0.5919986
0.4220117 0.57798827
0.40294752 0.59705245
0.43207362 0.5679264
0.44856694 0.5514331
0.48257643 0.51742357
0.41078547 0.58921456
0.49366233 0.50633764
0.46327955 0.53672045
0.43160957 0.5683904
0.40673798 0.593262
0.43082133 0.5691787
0.44116154 0.5588385
0.45692134 0.54307866
0.44560397 0.55439603
0.40730363 0.59269637
0.40272257 0.5972774
0.4807926 0.51920736
0.484401 0.515599
0.4355718 0.5644282
0.49947518 0.5005248
0.44148016 0.55851984
0.44418013 0.55581987
0.48940274 0.5105972
0.4702618 0.5297382
0.48272124 0.5172788
0.48202574 0.51797426
0.42157617 0.57842386
0.4762976 0.5237024
0.41029602 0.589704
0.40898928 0.5910107
0.4385953 0.5614047
0.44137093 0.55862904
0.4963296 0.5036704
0.44641176 0.5535883
0.4851384 0.5148616
0.43410212 0.5658979
0.4423195 0.5576805
0.47786665 0.52213335
0.43533647 0.5646635
0.45526972 0.5447303
0.45003015 0.54996985
0.49882096 0.50117904
0.40331408 0.5966859
0.4745621 0.5254379
0.4754326 0.52456737
0.44248468 0.5575153
0.49292082 0.5070792
0.4698506 0.5301494
0.474405 0.525595
0.48719677 0.5128032
0.484724 0.515276
0.4659099 0.5340901
0.43527752 0.5647225
0.49472922 0.5052708
0.41215238 0.5878476
0.48045728 0.5195427
0.43367204 0.5663279
0.44339085 0.55660915
0.4399652 0.5600348
0.47185183 0.5281482
0.4113505 0.5886495
0.4368276 0.5631724
0.44133165 0.5586684
0.42890924 0.57109076
0.458724 0.541276
0.4526299 0.5473701
0.49700326 0.50299674
0.47843963 0.5215604
0.49583897 0.504161
0.42593753 0.57406247
0.4592981 0.54070187
0.43186998 0.56813
0.41238612 0.5876139
0.42276654 0.57723343
0.4674912 0.5325088
0.42994216 0.57005787
0.4354611 0.5645389
0.47117555 0.52882445
0.4821286 0.5178714
0.41563314 0.58436686
0.40390065 0.5960994
0.44735813 0.55264187
0.46492663 0.5350734
0.41375703 0.586243
0.4076661 0.5923339
0.4361805 0.5638195
0.49365517 0.5063448
0.4624824 0.5375176
0.48512244 0.51487756
0.4830026 0.5169974
0.46913064 0.53086936
0.41463175 0.5853683
0.4958707 0.5041293
0.441487 0.558513
0.43349794 0.5665021
0.42828035 0.57171965
0.44647327 0.55352676
0.46941444 0.5305855
0.44909003 0.55091
0.44656292 0.5534371
0.4962989 0.5037011
0.41465428 0.58534575
0.43059802 0.569402
0.46643674 0.53356326
0.45627266 0.54372734
0.45413664 0.5458634
0.44915152 0.5508485
0.4153194 0.58468056
0.42973483 0.5702652
0.46285093 0.5371491
0.4784096 0.5215904
0.40025064 0.5997493
0.45301008 0.5469899
0.42628953 0.57371044
0.46482536 0.5351746
0.40397462 0.59602535
0.43681368 0.5631863
0.48007143 0.5199286
0.47620672 0.5237933
0.48706707 0.5129329
0.41715384 0.58284616
0.44119492 0.5588051
0.46896073 0.53103924
0.4978426 0.5021574
0.4542276 0.54577243
0.47077224 0.52922773
0.42820963 0.57179034
0.48146543 0.51853454
0.4149188 0.5850812
0.48427972 0.51572025
0.47597063 0.5240294
0.44495428 0.5550457
0.4479397 0.5520603
0.43322235 0.56677765
0.49143428 0.5085657
0.45989257 0.5401074
0.40909812 0.59090185
0.4918499 0.5081501
0.44796067 0.5520393
0.40362647 0.59637356
0.4433905 0.5566095
0.49933785 0.50066215
0.4377991 0.5622009
0.47404927 0.52595073
0.4968366 0.5031634
0.43826014 0.56173986
0.4801138 0.5198862
0.42155203 0.57844794
0.4243873 0.57561266
0.41242522 0.5875748
0.44603637 0.55396366
0.4911387 0.5088613
0.4674294 0.5325706
0.4342137 0.5657863
0.4688011 0.53119886
0.4575538 0.5424462
0.48609287 0.51390713
0.44329914 0.5567008
0.4266008 0.5733992
0.4929967 0.5070033
0.4565422 0.5434578
0.4141314 0.5858686
0.46653038 0.5334696
0.42728388 0.5727161
0.46346012 0.5365399
0.43410972 0.5658903
0.4390584 0.5609416
0.4665695 0.53343046
0.45511854 0.54488146
0.4411179 0.5588821
0.46920523 0.53079474
0.48952684 0.51047313
0.49686217 0.5031378
0.49855155 0.50144845
0.4351892 0.5648108
0.48774642 0.5122536
0.42566037 0.5743396
0.47620308 0.5237969
0.47826546 0.52173454
0.40709147 0.5929085
0.4386978 0.5613022
0.4106209 0.5893791
0.47243795 0.527562
0.42350277 0.5764972
0.47236103 0.527639
0.43214756 0.56785244
0.44412085 0.5558791
0.48070073 0.51929927
0.41124612 0.5887539
0.4973821 0.5026179
0.43493903 0.565061
0.42712206 0.57287794
0.43586093 0.56413907
0.4242493 0.5757507
0.49202964 0.50797033
0.49486765 0.5051323
0.44602233 0.55397767
0.4200476 0.57995236
0.472227 0.527773
0.45312107 0.54687893
0.49445665 0.50554335
0.46918815 0.53081185
0.46505824 0.5349418
0.45423755 0.5457624
0.41129264 0.5887073
0.44452393 0.55547607
0.45761073 0.5423893
0.456835 0.54316497
0.49858913 0.50141084
0.40225372 0.59774625
0.41303974 0.58696026
0.40349075 0.5965092
0.4455283 0.55447173
0.49793077 0.50206923
0.45734307 0.5426569
0.47070923 0.5292908
0.46516433 0.5348357
0.40640548 0.59359455
0.46738765 0.5326123
0.4587721 0.54122794
0.47431067 0.52568936
0.45854762 0.5414524
0.47076344 0.52923656
0.42105114 0.57894886
0.45833755 0.54166245
0.4519952 0.5480048
0.4061095 0.5938905
0.40003347 0.5999665
0.4322936 0.5677064
0.4069171 0.5930829
0.4252428 0.5747572
0.47463384 0.5253662
0.42251104 0.57748896
0.4309498 0.5690502
0.49786183 0.50213814
0.4114498 0.5885502
0.4211183 0.57888174
0.40514362 0.5948564
0.44043034 0.55956966
0.420773 0.579227
0.4878298 0.5121702
0.41099152 0.58900845
0.41413426 0.58586574
0.43365332 0.56634665
0.47718135 0.5228187
0.42531067 0.5746893
0.41212204 0.587878
0.4602988 0.5397012
0.49058002 0.50942
0.460051 0.539949
0.44718105 0.55281895
0.47034794 0.52965206
0.46726194 0.5327381
0.4038396 0.5961604
0.40795937 0.59204066
0.41398984 0.58601016
0.4339188 0.56608117
0.49462736 0.50537264
0.43160844 0.56839156
0.44125295 0.55874705
0.41222852 0.5877715
0.40541148 0.5945885
0.49466407 0.5053359
0.45923084 0.54076916
0.44446886 0.55553114
0.42429882 0.5757012
0.46085516 0.5391449
0.44409597 0.55590403
0.44853765 0.55146235
0.48366287 0.51633716
0.4162145 0.58378553
0.49759352 0.5024065
0.46194565 0.53805435
0.4448856 0.5551144
0.48288202 0.517118
0.417454 0.582546
0.46016204 0.53983796
0.4578883 0.5421117
0.46784958 0.5321504
0.49814695 0.50185305
0.48437002 0.51563
0.4250315 0.57496846
0.4232405 0.57675946
0.49451798 0.505482
0.41407675 0.58592325
0.43179977 0.56820023
0.4341623 0.56583774
0.45019585 0.54980415
0.49801424 0.5019858
0.4230007 0.5769993
0.4493435 0.5506565
0.4845445 0.5154555
0.43975988 0.56024015
0.49820882 0.5017912
0.43507785 0.56492215
0.47401184 0.52598816
0.42753378 0.57246625
0.4618848 0.5381152
0.49889743 0.50110257
0.48772353 0.5122765
0.46563283 0.5343672
0.42249888 0.5775011
0.49257958 0.5074204
0.42229778 0.5777022
0.428245 0.571755
0.44689673 0.55310327
0.4130699 0.5869301
0.47057712 0.5294229
0.49903366 0.5009663
0.40019417 0.59980583
0.4798477 0.52015233
0.40826306 0.5917369
0.41093597 0.589064
0.44293863 0.5570614
0.45611367 0.5438863
0.47131246 0.52868754
0.4961015 0.5038985
0.48842102 0.511579
0.40036657 0.59963346
0.45701718 0.5429828
0.42613482 0.5738652
0.44419378 0.5558062
0.41938633 0.5806137
0.44389865 0.5561013
0.44655997 0.55344003
0.42291015 0.57708985
0.4359479 0.5640521
0.49693364 0.50306636
0.4165316 0.58346844
0.4383471 0.5616529
0.445701 0.554299
0.43395606 0.566044
0.41828775 0.58171225
0.40091038 0.5990896
0.40163386 0.59836614
0.49220896 0.50779104
0.4060289 0.59397113
0.4900422 0.5099578
0.42753133 0.57246864
0.42775804 0.57224196
0.42081302 0.579187
0.4352543 0.56474566
0.45448285 0.54551715
0.4247625 0.5752375
0.47626916 0.5237309
0.47420663 0.5257934
0.49611616 0.50388384
0.42854458 0.5714554
0.46809608 0.5319039
0.44560778 0.5543922
0.44290572 0.5570943
0.42474058 0.57525945
0.4096744 0.5903256
0.4807935 0.5192065
0.43456918 0.5654308
0.4467829 0.5532171
0.4543901 0.5456099
0.4973484 0.5026516
0.48815233 0.5118477
0.45008427 0.54991573
0.4109252 0.5890748
0.47852722 0.5214728
0.44254085 0.5574591
0.40262258 0.5973774
0.47355255 0.5264474
0.45677623 0.54322374
0.42027533 0.57972467
0.44014952 0.55985045
0.4595795 0.54042053
0.49976236 0.50023764
0.45093048 0.5490695
0.40356684 0.59643316
0.48752558 0.5124744
0.4705331 0.52946687
0.43903288 0.5609671
0.40103537 0.59896463
0.48495156 0.51504844
0.4729524 0.52704763
0.4056386 0.5943614
0.48049852 0.51950145
0.44070926 0.55929077
0.42076784 0.57923216
0.4463406 0.55365944
0.4318158 0.5681842
0.4994319 0.5005681
0.47930703 0.52069294
0.48211107 0.5178889
0.42716402 0.572836
0.49283466 0.5071653
0.43335563 0.5666444
0.4150128 0.58498716
0.44822806 0.55177194
0.45877686 0.54122317
0.40686297 0.593137
0.42219928 0.57780075
0.4807418 0.5192582
0.46520188 0.53479815
0.451098 0.54890203
0.46899858 0.53100145
0.42529312 0.5747069
0.47675586 0.52324414
0.48856825 0.51143175
0.40903595 0.5909641
0.4450134 0.5549866
0.4559828 0.5440172
0.41546923 0.5845308
0.48613128 0.5138687
0.44580108 0.5541989
0.411278 0.588722
0.40203968 0.59796035
0.46437854 0.53562146
0.4212742 0.5787258
0.45942745 0.5405725
0.42356098 0.576439
0.47024682 0.5297532
0.4197269 0.5802731
0.43264776 0.56735224
0.47383437 0.5261656
0.4700345 0.5299655
0.44380635 0.55619365
0.40926042 0.5907396
0.4128398 0.5871602
0.412277 0.587723
0.46215418 0.53784585
0.45508417 0.5449158
0.4910412 0.5089588
0.49050945 0.50949055
0.40728348 0.5927165
0.4556517 0.5443483
0.43800935 0.5619906
0.44522142 0.5547786
0.47740042 0.5225996
0.44756332 0.5524367
0.43652505 0.56347495
0.4123181 0.5876819
0.463228 0.536772
0.41155505 0.58844495
0.45055506 0.5494449
0.4723167 0.52768326
0.4437763 0.5562237
0.4856687 0.51433134
0.41352752 0.5864725
0.4374027 0.5625973
0.49955383 0.5004462
0.40377003 0.59623
0.45407343 0.5459266
0.4757742 0.52422583
0.42772686 0.57227314
0.4596747 0.5403253
0.44072634 0.55927366
0.46941453 0.53058547
0.49998862 0.5000114
0.42509907 0.5749009
0.4791932 0.5208068
0.4971446 0.5028554
0.43022075 0.5697793
0.40092623 0.59907377
0.433934 0.566066
0.40480205 0.5951979
0.4565366 0.5434634
0.44122097 0.558779
0.42538884 0.5746112
0.43165833 0.5683417
0.40860745 0.5913925
0.46785256 0.5321474
0.40508202 0.594918
0.40009972 0.59990025
0.4723257 0.5276743
0.4822802 0.5177198
0.42155564 0.57844436
0.45040557 0.5495944
0.4847799 0.5152201
0.46361262 0.5363874
0.46591756 0.5340824
0.45588323 0.54411674
0.43493718 0.5650628
0.47493836 0.5250616
0.4453732 0.5546268
0.44977984 0.55022013
0.49156854 0.50843143
0.48032862 0.5196714
0.47802806 0.52197194
0.46263325 0.53736675
0.4027638 0.59723616
0.4320067 0.5679933
0.40972143 0.59027857
0.4184666 0.58153343
0.4068293 0.5931707
0.40252367 0.59747636
0.48357844 0.51642156
0.48656574 0.5134343
0.4852909 0.5147091
0.42531332 0.57468665
0.45817834 0.54182166
0.41773722 0.58226275
0.48732173 0.51267827
0.48631462 0.51368535
0.439817 0.560183
0.48452395 0.51547605
0.45169348 0.5483065
0.42417592 0.5758241
0.48855287 0.51144713
0.40628776 0.5937122
0.48869014 0.51130986
0.49262843 0.50737154
0.44312277 0.55687726
0.43566594 0.56433403
0.44934878 0.5506512
0.4552121 0.5447879
0.48255032 0.5174497
0.4508166 0.54918337
0.49009752 0.5099025
0.41679013 0.5832099
0.41318184 0.58681816
0.46911195 0.5308881
0.43963546 0.56036454
0.43316463 0.5668354
0.40580657 0.59419346
0.47785097 0.522149
0.42894363 0.57105637
0.43626535 0.56373465
0.48342797 0.516572
0.43667653 0.5633235
0.4952067 0.5047933
0.42376658 0.5762334
0.46785995 0.53214
0.49634773 0.5036523
0.40360758 0.5963924
0.46982482 0.5301752
0.49341464 0.50658536
0.4970739 0.5029261
0.4986544 0.50134563
0.4865311 0.51346886
0.45709407 0.5429059
0.432162 0.567838
0.47194436 0.52805567
0.4144582 0.58554184
0.47785303 0.52214694
0.49851102 0.501489
0.41428745 0.58571255
0.44784006 0.5521599
0.47994187 0.52005816
0.43110153 0.56889844
0.41216546 0.58783454
0.42980137 0.57019866
0.41503996 0.58496004
0.4502902 0.5497098
0.49423915 0.50576085
0.4748324 0.5251676
0.46573156 0.53426844
0.43395263 0.5660474
0.4974962 0.5025038
0.4841188 0.5158812
0.24036622 0.7596338
0.24650238 0.7534976
0.23474808 0.76525193
0.25462523 0.7453748
0.2776847 0.7223153
0.29460377 0.70539623
0.2095879 0.79041207
0.26534078 0.7346592
0.27104843 0.7289516
0.25327095 0.746729
0.23648876 0.76351124
0.2409411 0.7590589
0.21471742 0.7852826
0.22153802 0.778462
0.2976954 0.7023046
0.25208476 0.74791527
0.21221119 0.7877888
0.22314148 0.7768585
0.25767452 0.7423255
0.22767596 0.772324
0.2674585 0.7325415
0.27465123 0.7253488
0.20388342 0.7961166
0.28113127 0.71886873
0.25292984 0.7470702
0.2064905 0.7935095
0.25859207 0.74140793
0.21810171 0.78189826
0.27110362 0.7288964
0.21297339 0.78702664
0.29492426 0.70507574
0.24793828 0.7520617
0.28675616 0.71324384
0.2643591 0.7356409
0.20518094 0.79481906
0.2737043 0.7262957
0.285907 0.71409297
0.2892629 0.7107371
0.23098727 0.76901275
0.29871652 0.70128345
0.20052335 0.7994766
0.26774636 0.7322537
0.2015577 0.7984423
0.21018837 0.7898116
0.2888643 0.7111357
0.29275888 0.7072411
0.28961712 0.7103829
0.21949959 0.7805004
0.21030872 0.78969127
0.25979596 0.74020404
0.23209335 0.76790667
0.24844374 0.7515563
0.20800176 0.79199827
0.289255 0.710745
0.26788056 0.73211944
0.2560444 0.7439556
0.20087926 0.7991207
0.22502418 0.77497584
0.2706232 0.7293768
0.26530054 0.7346995
0.20198663 0.7980134
0.24619249 0.75380754
0.21216176 0.7878382
0.27445388 0.7255461
0.26522207 0.7347779
0.29115677 0.70884323
0.20662846 0.79337156
0.22300115 0.7769989
0.24494733 0.7550527
0.22642253 0.77357745
0.22774601 0.772254
0.27924526 0.72075474
0.2895155 0.7104845
0.222786 0.777214
0.28252196 0.71747804
0.22722945 0.7727705
0.25522122 0.74477875
0.20957375 0.79042625
0.21162188 0.7883781
0.21452233 0.78547764
0.21319005 0.7868099
0.29805386 0.70194614
0.28594846 0.71405154
0.29018196 0.709818
0.2747316 0.72526836
0.22629161 0.7737084
0.290591 0.709409
0.22552519 0.7744748
0.28191435 0.71808565
0.2294352 0.7705648
0.27480397 0.725196
0.2110018 0.7889982
0.25370413 0.74629587
0.2647091 0.7352909
0.2963404 0.7036596
0.21059407 0.78940594
0.25971347 0.7402865
0.20404506 0.79595494
0.2952425 0.7047575
0.24388205 0.75611794
0.29458514 0.7054149
0.23475404 0.765246
0.29318786 0.70681214
0.24169219 0.7583078
0.21364872 0.78635126
0.25659224 0.7434077
0.2120088 0.78799117
0.2424695 0.7575305
0.2832369 0.71676314
0.25307068 0.7469293
0.2315146 0.7684854
0.29758817 0.70241183
0.21714854 0.78285146
0.20252137 0.7974786
0.21099366 0.78900635
0.24212325 0.75787675
0.29516792 0.7048321
0.27432972 0.7256703
0.22451895 0.77548105
0.22779202 0.772208
0.2412865 0.7587135
0.26769564 0.73230433
0.22797613 0.77202386
0.28859946 0.7114005
0.24178493 0.75821507
0.2040178 0.7959822
0.20048226 0.79951775
0.2996475 0.7003525
0.23481908 0.76518095
0.2068529 0.7931471
0.27146897 0.728531
0.20584822 0.7941518
0.29935044 0.70064956
0.21990669 0.7800933
0.20661762 0.7933824
0.28373808 0.7162619
0.29465467 0.70534533
0.22306938 0.77693063
0.23254529 0.76745474
0.22587264 0.77412736
0.25364834 0.74635166
0.20603485 0.79396516
0.24866843 0.75133157
0.23322225 0.76677775
0.272915 0.727085
0.2129543 0.7870457
0.22628523 0.7737148
0.28241676 0.71758324
0.28629634 0.71370363
0.25126818 0.74873185
0.2998507 0.7001493
0.23237942 0.76762056
0.21297443 0.7870256
0.22045773 0.77954227
0.21129495 0.78870505
0.27398765 0.72601235
0.29014885 0.70985115
0.27703482 0.7229652
0.29104513 0.7089549
0.25753155 0.7424685
0.26018047 0.7398195
0.29587677 0.70412326
0.22331676 0.7766832
0.25355697 0.74644303
0.29761913 0.7023809
0.24552162 0.7544784
0.24109755 0.75890243
0.22932109 0.7706789
0.20599885 0.79400116
0.2973131 0.7026869
0.20148167 0.7985183
0.24222828 0.75777173
0.22612214 0.77387786
0.26696882 0.73303115
0.21415488 0.7858451
0.2097594 0.7902406
0.26090056 0.73909944
0.25846282 0.7415372
0.23597902 0.764021
0.27828848 0.7217115
0.25111672 0.74888325
0.2480946 0.7519054
0.24394272 0.75605726
0.22950311 0.7704969
0.24678494 0.7532151
0.20411588 0.79588413
0.2785026 0.7214974
0.29347092 0.7065291
0.24860227 0.7513977
0.22632265 0.77367735
0.26517072 0.7348293
0.25186154 0.7481384
0.21580034 0.78419966
0.20818128 0.79181874
0.26481706 0.73518294
0.22145477 0.77854526
0.28786647 0.7121335
0.25421125 0.74578875
0.26895234 0.73104763
0.2571805 0.7428195
0.29450303 0.70549697
0.2768139 0.72318614
0.22530143 0.77469856
0.26504454 0.73495543
0.2509875 0.7490125
0.2187477 0.78125226
0.24908663 0.7509134
0.23843461 0.7615654
0.23980197 0.760198
0.24858184 0.7514182
0.28020793 0.71979207
0.27821213 0.72178787
0.25290978 0.7470902
0.29884097 0.701159
0.224925 0.775075
0.28313535 0.71686465
0.2337032 0.7662968
0.20509468 0.7949053
0.24590325 0.75409675
0.28502923 0.71497077
0.27848658 0.7215134
0.22179998 0.77820003
0.29482073 0.7051793
0.26083243 0.7391676
0.28396496 0.716035
0.26834932 0.7316507
0.27197525 0.7280247
0.26329657 0.7367034
0.29293084 0.70706916
0.28750932 0.7124907
0.26848274 0.73151726
0.24216066 0.7578393
0.26070225 0.73929775
0.24440604 0.75559396
0.24349733 0.7565027
0.235955 0.764045
0.20800066 0.79199934
0.23752555 0.7624744
0.29546 0.70454
0.25187576 0.74812424
0.22234043 0.77765954
0.29617608 0.7038239
0.2867897 0.71321034
0.2968251 0.7031749
0.23060556 0.76939446
0.22973932 0.7702607
0.25702804 0.74297196
0.24894895 0.75105107
0.27775753 0.7222425
0.25395596 0.74604404
0.29409194 0.70590806
0.2579312 0.74206877
0.25691912 0.74308085
0.20077612 0.7992239
0.24601631 0.7539837
0.26303902 0.736961
0.21584705 0.784153
0.21280116 0.78719884
0.26791996 0.73208004
0.22015676 0.7798432
0.2481293 0.7518707
0.2913686 0.7086314
0.20230134 0.7976987
0.21439698 0.78560305
0.22786658 0.7721334
0.2838832 0.7161168
0.2429106 0.7570894
0.23173665 0.76826334
0.25874743 0.74125254
0.2912382 0.7087618
0.21437484 0.78562516
0.21908307 0.7809169
0.2051795 0.7948205
0.25814414 0.74185586
0.22857612 0.7714239
0.27048713 0.7295129
0.26807642 0.7319236
0.23194356 0.76805645
0.25682756 0.7431724
0.20488788 0.79511213
0.2852087 0.7147913
0.2834472 0.7165528
0.22183305 0.77816695
0.24855113 0.75144887
0.2610865 0.73891354
0.26030913 0.7396909
0.20357834 0.79642165
0.26354676 0.73645324
0.2132514 0.7867486
0.2009352 0.7990648
0.2385555 0.7614445
0.22129364 0.7787064
0.28510115 0.7148988
0.21675847 0.7832415
0.2586132 0.7413868
0.20181757 0.7981824
0.2828407 0.7171593
0.2855943 0.71440566
0.2952801 0.7047199
0.2227946 0.7772054
0.23300076 0.76699924
0.25484172 0.7451583
0.21809526 0.78190476
0.26165617 0.73834383
0.26551276 0.73448724
0.2293312 0.7706688
0.26336545 0.73663455
0.23189539 0.7681046
0.2901927 0.7098073
0.22254825 0.77745175
0.28681904 0.71318096
0.26179454 0.73820543
0.2407993 0.7592007
0.25231335 0.7476866
0.26390186 0.7360982
0.22721869 0.7727813
0.23634699 0.76365304
0.2767403 0.7232597
0.25303918 0.7469608
0.24392977 0.75607026
0.2044719 0.7955281
0.24713136 0.75286865
0.21720673 0.7827933
0.26000422 0.7399958
0.27956113 0.72043884
0.23730853 0.7626915
0.28100485 0.71899515
0.24276578 0.7572342
0.29130903 0.708691
0.2726744 0.72732556
0.2017817 0.7982183
0.22018449 0.7798155
0.21860708 0.78139293
0.27720022 0.7227998
0.28146034 0.71853966
0.24306065 0.75693935
0.26455945 0.73544055
0.27164635 0.7283536
0.28147462 0.7185254
0.25380346 0.7461965
0.28566262 0.71433735
0.24751303 0.75248694
0.20960845 0.79039156
0.2572179 0.7427821
0.22363587 0.77636415
0.20269403 0.79730594
0.20070268 0.79929733
0.2773275 0.72267246
0.28528154 0.71471846
0.2812938 0.7187062
0.2363117 0.7636883
0.24237898 0.75762105
0.24984093 0.7501591
0.24362236 0.75637764
0.26975027 0.73024976
0.26753056 0.73246944
0.23768249 0.76231754
0.22903696 0.7709631
0.24824175 0.7517582
0.28483564 0.71516436
0.209374 0.790626
0.21278712 0.78721285
0.26374573 0.7362543
0.21237577 0.78762424
0.25416538 0.7458346
0.2415212 0.7584788
0.28183946 0.7181605
0.22217047 0.7778295
0.22280163 0.7771984
0.20291767 0.7970823
0.2036359 0.79636407
0.27679062 0.7232094
0.22461964 0.7753804
0.28568608 0.7143139
0.25765005 0.74235
0.24137752 0.75862247
0.29754964 0.7024504
0.2447989 0.7552011
0.2446214 0.7553786
0.21714556 0.78285444
0.21278764 0.7872124
0.22261597 0.77738404
0.26733848 0.7326615
0.29270056 0.7072995
0.27077955 0.72922045
0.21344249 0.7865575
0.21784854 0.78215146
0.2735799 0.7264201
0.27973253 0.7202675
0.24967502 0.75032496
0.2523592 0.7476408
0.26559636 0.7344036
0.2523097 0.7476903
0.22086912 0.7791309
0.2690988 0.73090124
0.24680677 0.75319326
0.24350154 0.75649846
0.268214 0.731786
0.24373591 0.7562641
0.20993187 0.79006815
0.23993692 0.76006305
0.2848706 0.7151294
0.2288625 0.7711375
0.27739212 0.72260785
0.20411748 0.7958825
0.23374875 0.76625127
0.2361253 0.7638747
0.2240775 0.77592254
0.25875285 0.7412472
0.2247986 0.7752014
0.22467767 0.7753223
0.27173686 0.72826314
0.26964092 0.7303591
0.26519755 0.7348025
0.27380818 0.7261918
0.24869002 0.75131
0.22220162 0.7777984
0.24390563 0.75609434
0.2864135 0.7135865
0.2527671 0.7472329
0.29540706 0.70459294
0.22294489 0.77705514
0.28676286 0.71323717
0.27490497 0.72509503
0.22349077 0.7765092
0.213156 0.786844
0.2383368 0.7616632
0.20075801 0.799242
0.21093929 0.7890607
0.22849536 0.77150464
0.2830257 0.71697426
0.20610344 0.79389656
0.29381895 0.70618105
0.29260218 0.7073978
0.27940845 0.72059155
0.20763683 0.79236317
0.26127556 0.73872447
0.23284522 0.7671548
0.23070109 0.7692989
0.21578361 0.7842164
0.25777787 0.74222213
0.27107337 0.72892666
0.2618331 0.7381669
0.27122864 0.7287713
0.20808896 0.791911
0.21567474 0.78432524
0.26542062 0.7345794
0.22409801 0.775902
0.23735812 0.7626419
0.21575491 0.7842451
0.26425093 0.73574907
0.22880943 0.7711906
0.2952858 0.7047142
0.24274372 0.75725627
0.27978483 0.7202152
0.21549667 0.78450334
0.29015598 0.709844
0.23845929 0.7615407
0.22399846 0.7760016
0.26465863 0.73534137
0.21575914 0.78424084
0.2943067 0.7056933
0.2540161 0.7459839
0.2054816 0.7945184
0.27188846 0.7281115
0.24772215 0.75227785
0.23600158 0.7639984
0.24613036 0.75386965
0.25291294 0.74708706
0.27672356 0.72327644
0.26551306 0.73448694
0.2882372 0.7117628
0.2912613 0.7087387
0.2981 0.7019
0.29322046 0.70677954
0.26589155 0.73410845
0.28487772 0.7151223
0.2578125 0.7421875
0.20869216 0.7913078
0.2503316 0.74966836
0.26499164 0.73500836
0.2921528 0.70784724
0.217845 0.78215504
0.25109136 0.74890864
0.290915 0.709085
0.2563302 0.7436698
0.26197368 0.7380263
0.29711246 0.70288754
0.2242626 0.7757374
0.25114414 0.7488558
0.26631787 0.73368216
0.22800592 0.7719941
0.23398742 0.76601255
0.2812345 0.7187655
0.22503664 0.7749634
0.20317884 0.7968212
0.2507752 0.7492248
0.20479995 0.79520005
0.2327315 0.7672685
0.24188766 0.7581123
0.20039599 0.799604
0.24722725 0.75277275
0.22402647 0.77597356
0.2754905 0.7245095
0.2335479 0.7664521
0.29656816 0.70343184
0.21083027 0.7891697
0.24608997 0.75391006
0.26226318 0.7377368
0.22926623 0.7707338
0.24684031 0.7531597
0.22404115 0.77595884
0.27821064 0.72178936
0.20515247 0.79484755
0.20484804 0.79515195
0.26529807 0.73470193
0.23711061 0.7628894
0.24615541 0.7538446
0.25078332 0.7492167
0.2173348 0.7826652
0.2455959 0.75440407
0.2165579 0.7834421
0.28668764 0.7133124
0.22199012 0.7780099
0.24286692 0.75713307
0.28117645 0.71882355
0.242019 0.757981
0.25529385 0.74470615
0.239153 0.760847
0.21764965 0.78235036
0.26452255 0.73547745
0.23164788 0.76835215
0.2813055 0.7186945
0.2656231 0.7343769
0.2251392 0.7748608
0.22423314 0.77576685
0.25624987 0.7437501
0.27203462 0.72796535
0.23264651 0.7673535
0.24325837 0.75674164
0.2658249 0.7341751
0.255624 0.744376
0.2930454 0.7069546
0.24906078 0.75093925
0.20639573 0.79360425
0.28459436 0.71540564
0.24224502 0.757755
0.2560746 0.7439254
0.25455496 0.745445
0.2308594 0.7691406
0.24543495 0.75456506
0.26307905 0.73692095
0.26346445 0.73653555
0.20865709 0.7913429
0.25270703 0.747293
0.22322546 0.7767745
0.2673957 0.73260427
0.24427702 0.755723
0.20807387 0.79192615
0.23221424 0.7677858
0.2326194 0.7673806
0.22314717 0.77685285
0.29800782 0.70199215
0.22891688 0.7710831
0.2266154 0.7733846
0.23634903 0.76365095
0.28997165 0.71002835
0.25084648 0.7491535
0.21740004 0.7825999
0.28952956 0.71047044
0.26605028 0.7339497
0.21275625 0.7872437
0.2629328 0.7370672
0.27227375 0.7277262
0.20242201 0.797578
0.2073548 0.7926452
0.2450422 0.7549578
0.20784457 0.79215544
0.25067723 0.7493228
0.27270362 0.72729635
0.2558354 0.7441646
0.2957056 0.70429444
0.25954232 0.74045765
0.26241365 0.7375864
0.28938293 0.71061707
0.22517303 0.774827
0.27729887 0.72270113
0.26023465 0.73976535
0.22407642 0.7759236
0.28860086 0.71139914
0.28829473 0.71170527
0.27973607 0.72026396
0.27586278 0.7241372
0.23024532 0.76975465
0.224542 0.775458
0.23115855 0.76884145
0.29404324 0.70595676
0.28138798 0.718612
0.26502037 0.7349796
0.24493335 0.75506663
0.2149864 0.7850136
0.21179345 0.7882066
0.22012143 0.77987856
0.21977124 0.78022873
0.24462965 0.7553704
0.2846103 0.7153897
0.25869435 0.74130565
0.23347867 0.76652133
0.2847382 0.7152618
0.2856683 0.7143317
0.24077079 0.7592292
0.26903448 0.7309655
0.21962525 0.78037477
0.21676183 0.7832382
0.29551908 0.7044809
0.21104686 0.7889531
0.20303576 0.7969642
0.2408903 0.75910974
0.25478858 0.7452114
0.22404811 0.77595186
0.28958878 0.7104112
0.29490414 0.7050959
0.2896496 0.7103504
0.28765404 0.71234596
0.29202783 0.70797217
0.29961038 0.7003896
0.21734996 0.78265005
0.25535122 0.7446488
0.21394773 0.7860523
0.29705724 0.7029427
0.25646946 0.7435305
0.26840025 0.73159975
0.2653758 0.7346242
0.20516269 0.7948373
0.2520772 0.7479228
0.22569895 0.77430105
0.29156432 0.70843565
0.21218708 0.78781295
0.22368118 0.7763188
0.23161025 0.76838976
0.2541246 0.74587536
0.2810126 0.7189874
0.28606355 0.71393645
0.26510382 0.7348962
0.27447322 0.7255268
0.29506442 0.70493555
0.2603475 0.7396525
0.22364306 0.77635694
0.2580126 0.7419874
0.21093053 0.7890695
0.21666002 0.78334
0.211693 0.788307
0.2435211 0.7564789
0.26855946 0.73144054
0.29642254 0.70357746
0.29860553 0.70139444
0.22031292 0.77968705
0.29449534 0.70550466
0.25773787 0.7422621
0.26255804 0.73744196
0.29164854 0.7083515
0.28212896 0.71787107
0.22479603 0.77520394
0.27890807 0.7210919
0.25401813 0.7459819
0.2726994 0.72730064
0.21815243 0.7818476
0.2597479 0.74025214
0.29513636 0.70486367
0.20336859 0.7966314
0.25676173 0.7432383
0.22697225 0.7730278
0.2655816 0.7344184
0.27806598 0.721934
0.2395837 0.76041627
0.28136215 0.7186378
0.25843313 0.7415669
0.2072149 0.7927851
0.24356079 0.7564392
0.2655069 0.73449314
0.28970486 0.71029514
0.24680838 0.7531916
0.2569868 0.7430132
0.21244538 0.7875546
0.24305148 0.75694853
0.29521158 0.70478845
0.23592372 0.7640763
0.2809453 0.7190547
0.21590169 0.7840983
0.22053513 0.77946484
0.21126184 0.78873813
0.23833798 0.761662
0.23030086 0.76969916
0.25159138 0.7484086
0.21023186 0.78976816
0.24390516 0.7560948
0.28219545 0.71780455
0.24819796 0.751802
0.24536549 0.7546345
0.21790996 0.78209007
0.29270265 0.7072973
0.20070265 0.79929733
0.2312787 0.7687213
0.20360935 0.79639065
0.29043135 0.7095686
0.25327924 0.7467208
0.2849602 0.7150398
0.22691235 0.7730876
0.21339357 0.78660643
0.2854512 0.7145488
0.25829268 0.7417073
0.24933794 0.7506621
0.20462956 0.79537046
0.24806678 0.7519332
0.26023835 0.73976165
0.24990864 0.7500914
0.22158204 0.77841794
0.29861343 0.7013866
0.24525566 0.75474435
0.23919411 0.7608059
0.22881727 0.7711827
0.2726812 0.72731876
0.25801304 0.741987
0.28402302 0.71597695
0.24727076 0.75272924
0.2646035 0.7353965
0.2560938 0.7439062
0.21596336 0.78403664
0.25971764 0.74028236
0.2873033 0.7126967
0.27621678 0.72378325
0.26726788 0.7327321
0.20371266 0.79628736
0.23647833 0.7635217
0.24856824 0.75143176
0.2741067 0.72589326
0.29040566 0.70959437
0.2970916 0.7029084
0.2911168 0.70888317
0.21614674 0.7838533
0.20854886 0.79145116
0.2146529 0.7853471
0.24827826 0.75172174
0.24251284 0.7574872
0.29714125 0.70285875
0.23250505 0.7674949
0.21488225 0.78511775
0.2721473 0.7278527
0.24570575 0.7542943
0.29757428 0.7024257
0.2538408 0.7461592
0.27094358 0.7290564
0.26494014 0.73505986
0.20432596 0.795674
0.21291703 0.78708297
0.29916984 0.70083016
0.298639 0.701361
0.23200236 0.7679976
0.28818545 0.7118145
0.28874478 0.7112552
0.2527056 0.7472944
0.26177365 0.73822635
0.22797713 0.77202284
0.27683276 0.72316724
0.21093853 0.7890615
0.26422036 0.73577964
0.27247 0.72753
0.25302404 0.74697596
0.25279507 0.7472049
0.20082115 0.79917884
0.21273953 0.7872605
0.27751422 0.7224858
0.23653649 0.7634635
0.21219017 0.78780985
0.2321568 0.7678432
0.25357616 0.74642384
0.23733664 0.76266336
0.2221762 0.7778238
0.20792978 0.7920702
0.28980398 0.710196
0.27679846 0.7232015
0.25978857 0.7402114
0.24022806 0.75977194
0.29305857 0.7069414
0.2899216 0.71007836
0.2088127 0.7911873
0.20902403 0.790976
0.27880403 0.72119594
0.2583582 0.74164176
0.271223 0.728777
0.25828174 0.7417183
0.24064596 0.75935405
0.27226195 0.727738
0.23553923 0.7644608
0.23426919 0.7657308
0.2477376 0.7522624
0.259766 0.740234
0.27482608 0.72517395
0.29678804 0.70321196
0.24263072 0.7573693
0.2789554 0.7210446
0.23359846 0.7664015
0.27374727 0.72625273
0.2390464 0.7609536
0.2613908 0.7386092
0.24550843 0.75449157
0.20520525 0.79479474
0.2795424 0.7204576
0.25858545 0.74141455
0.25003025 0.7499697
0.24761683 0.7523832
0.201371 0.798629
0.25381845 0.74618155
0.23186857 0.76813143
0.28052133 0.71947867
0.23509794 0.76490206
0.20971015 0.7902899
0.26589286 0.73410714
0.26209766 0.73790234
0.24798663 0.7520134
0.23797126 0.76202875
0.28686488 0.7131351
0.2664652 0.7335348
0.21558622 0.7844138
0.24964325 0.75035673
0.24423215 0.7557678
0.24047269 0.7595273
0.24442191 0.7555781
0.21220414 0.78779584
0.23095864 0.76904136
0.23879299 0.761207
0.21755649 0.7824435
0.23436646 0.7656335
0.2413627 0.7586373
0.23815575 0.7618443
0.21556516 0.78443485
0.28239825 0.7176018
0.21719617 0.78280383
0.24588628 0.75411373
0.28927 0.71072996
0.20838834 0.7916117
0.29622862 0.70377135
0.20256385 0.7974361
0.29070544 0.70929456
0.21801186 0.78198814
0.23330413 0.76669586
0.22800201 0.771998
0.2606616 0.7393384
0.20063828 0.7993617
0.23927908 0.7607209
0.28207102 0.717929
0.2994123 0.7005877
0.21685833 0.7831417
0.20174463 0.7982554
0.24260221 0.7573978
0.29688323 0.7031168
0.24492757 0.7550724
0.20294602 0.797054
0.23295327 0.76704675
0.21460514 0.78539485
0.27761507 0.7223849
0.23832734 0.7616727
0.25625595 0.743744
0.2408447 0.7591553
0.22872181 0.7712782
0.26184487 0.7381551
0.29858154 0.70141846
0.22854526 0.77145475
0.2673 0.7327
0.2478062 0.7521938
0.25549355 0.7445065
0.20329748 0.7967025
0.24418333 0.7558167
0.2926796 0.7073204
0.24989715 0.7501029
0.24415107 0.75584894
0.27549565 0.72450435
0.26232144 0.7376785
0.26541615 0.73458385
0.20200172 0.7979983
0.23390357 0.7660964
0.25637925 0.74362075
0.25419486 0.74580514
0.23786059 0.76213944
0.28194055 0.7180594
0.20932044 0.7906796
0.28834188 0.7116581
0.21368222 0.78631777
0.23290607 0.7670939
0.22575301 0.774247
0.26247534 0.7375246
0.26688713 0.7331129
0.2347734 0.7652266
0.27975327 0.72024673
0.26244256 0.7375574
0.28624722 0.71375275
0.28563482 0.7143652
0.26709706 0.73290294
0.23773448 0.7622655
0.29939532 0.7006047
0.28577715 0.71422285
0.23620845 0.76379156
0.25514117 0.74485886
0.27825564 0.72174436
0.27376637 0.7262336
0.2908703 0.7091297
0.24596798 0.754032
0.27834612 0.7216539
0.2927745 0.7072255
0.22477941 0.7752206
0.28208315 0.71791685
0.23524399 0.764756
0.23632136 0.76367867
0.21943656 0.7805635
0.2515325 0.7484675
0.24410775 0.7558923
0.23336336 0.7666366
0.26953185 0.73046815
0.28150976 0.71849024
0.23723353 0.7627665
0.29338425 0.70661575
0.20994449 0.7900555
0.26295 0.73705
0.26915964 0.7308403
0.22342743 0.7765726
0.24685223 0.7531478
0.20202373 0.79797626
0.2108703 0.78912973
0.23376729 0.7662327
0.24194852 0.7580515
0.20718117 0.79281884
0.21113911 0.7888609
0.23934709 0.7606529
0.22410597 0.77589405
0.24112025 0.7588798
0.27533656 0.72466344
0.25407976 0.74592024
0.20301755 0.79698247
0.2772754 0.72272456
0.26836902 0.731631
0.26270398 0.737296
0.23329277 0.76670724
0.2143741 0.78562593
0.27070063 0.72929937
0.24258588 0.7574141
0.29508415 0.7049159
0.24719052 0.75280946
0.24369544 0.75630456
0.2728126 0.7271874
0.20984598 0.79015404
0.22659208 0.77340794
0.27683294 0.72316706
0.20119904 0.79880095
0.2947206 0.7052794
0.22822896 0.7717711
0.26586917 0.73413086
0.20183808 0.7981619
0.29396248 0.7060375
0.27473673 0.72526324
0.23005694 0.76994306
0.2872198 0.71278024
0.20579351 0.7942065
0.28201365 0.71798635
0.2479972 0.75200284
0.28446472 0.7155353
0.20672168 0.79327834
0.299254 0.700746
0.26871067 0.7312893
0.20787214 0.79212785
0.24475053 0.7552495
0.27286446 0.72713554
0.27466145 0.7253386
0.23984075 0.76015925
0.24526809 0.7547319
0.23765066 0.76234937
0.2863024 0.7136976
0.25262314 0.74737686
0.20527719 0.7947228
0.22924897 0.770751
0.2446776 0.7553224
0.26995254 0.73004746
0.2603553 0.7396447
0.24879672 0.7512033
0.21585411 0.7841459
0.21814615 0.78185385
0.2515166 0.7484834
0.26149705 0.738503
0.2606255 0.7393745
0.233376 0.766624
0.28851226 0.71148777
0.28455245 0.71544755
0.20995419 0.7900458
0.28704402 0.71295595
0.22673263 0.7732674
0.27067465 0.72932535
0.23174006 0.76825994
0.24878749 0.7512125
0.24638663 0.75361335
0.2763325 0.7236675
0.28205574 0.71794426
0.28637332 0.7136267
0.24508238 0.7549176
0.28253433 0.71746564
0.25317848 0.7468215
0.2826237 0.7173763
0.27218318 0.7278168
0.23291476 0.76708525
0.25086838 0.7491316
0.2835788 0.7164212
0.21290754 0.78709245
0.28171542 0.7182846
0.23077515 0.7692249
0.22605339 0.77394664
0.28829142 0.71170855
0.21030138 0.7896986
0.21046509 0.7895349
0.22208408 0.77791595
0.20675437 0.7932456
0.2261573 0.7738427
0.29085976 0.70914024
0.28135234 0.71864766
0.21235146 0.78764856
0.26850864 0.7314913
0.22576863 0.7742314
0.2128831 0.7871169
0.29787278 0.7021272
0.25755963 0.74244034
0.22705051 0.77294946
0.21059123 0.7894088
0.25821036 0.74178964
0.26255497 0.737445
0.29936236 0.70063764
0.21027039 0.7897296
0.24359135 0.75640863
0.25547642 0.7445236
0.20380634 0.79619366
0.25345623 0.74654377
0.27735215 0.72264785
0.27104712 0.7289529
0.2656531 0.73434687
0.2434966 0.7565034
0.21369228 0.7863077
0.2712741 0.7287259
0.24568842 0.75431156
0.25758445 0.74241555
0.21179885 0.78820115
0.20592056 0.7940794
0.24505845 0.7549416
0.20020907 0.7997909
0.21220942 0.7877906
0.2972681 0.7027319
0.24533823 0.7546618
0.2313582 0.7686418
0.25777772 0.7422223
0.26438963 0.73561037
0.23368911 0.7663109
0.27977797 0.720222
0.26929963 0.7307004
0.22255121 0.7774488
0.28040913 0.7195909
0.24912223 0.75087774
0.21307246 0.7869275
0.27396297 0.726037
0.23526084 0.76473916
0.2534591 0.7465409
0.24065816 0.75934184
0.26344597 0.736554
0.27985263 0.7201474
0.27928537 0.7207146
0.25304955 0.74695045
0.23416846 0.76583153
0.26488593 0.7351141
0.28678447 0.71321553
0.27276433 0.7272357
0.26451662 0.7354834
0.25120884 0.74879116
0.24332085 0.7566792
0.20551501 0.794485
0.28737646 0.71262354
0.22094335 0.77905667
0.24461928 0.75538075
0.25973463 0.74026537
0.20237105 0.79762894
0.21402837 0.78597164
0.2668337 0.73316634
0.22813332 0.7718667
0.26079392 0.7392061
0.2570793 0.7429207
0.22138594 0.77861404
0.2602718 0.7397282
0.25570872 0.7442913
0.28763717 0.7123628
0.2236268 0.7763732
0.21145572 0.7885443
0.20518151 0.7948185
0.29518995 0.70481
0.20400175 0.7959982
0.2625902 0.73740983
0.22874413 0.77125585
0.284265 0.71573496
0.20144114 0.79855883
0.28328642 0.71671355
0.23752235 0.76247764
0.27487987 0.7251201
0.22970246 0.7702975
0.24895385 0.7510462
0.29375166 0.70624834
0.2607085 0.7392915
0.25679967 0.7432003
0.2793536 0.7206464
0.24937108 0.75062895
0.26709676 0.73290324
0.24252571 0.7574743
0.2811431 0.71885693
0.22485742 0.77514255
0.22090545 0.7790946
0.29366583 0.7063342
0.22990447 0.7700955
0.27915254 0.7208475
0.291595 0.708405
0.24779214 0.7522079
0.26095113 0.73904884
0.20449263 0.7955074
0.27016214 0.7298379
0.29499108 0.7050089
0.2052566 0.7947434
0.22994381 0.7700562
0.2966316 0.7033684
0.20034619 0.7996538
0.26116145 0.73883855
0.20038855 0.79961145
0.22841343 0.77158654
0.22553633 0.77446365
0.2562793 0.7437207
0.28979462 0.7102054
0.23072737 0.7692726
0.21963508 0.78036493
0.24413383 0.75586617
0.29564828 0.7043517
0.22571245 0.7742876
0.2883677 0.7116323
0.20804332 0.79195666
0.24282362 0.7571764
0.2805053 0.7194947
0.2814021 0.7185979
0.24215893 0.75784105
0.29411674 0.70588326
0.29432595 0.70567405
0.20323198 0.796768
0.20415981 0.7958402
0.295735 0.704265
0.24077958 0.7592204
0.26221174 0.73778826
0.28835884 0.7116412
0.235304 0.764696
0.24650805 0.75349194
0.26646832 0.7335317
0.28233618 0.7176638
0.2567254 0.74327457
0.24752559 0.7524744
0.25226513 0.7477349
0.24921301 0.750787
0.25056374 0.74943626
0.2783938 0.7216062
0.28565657 0.7143434
0.28576344 0.71423656
0.20094766 0.79905236
0.29294848 0.7070515
0.27271205 0.72728795
0.22076347 0.77923656
0.26540673 0.7345933
0.23906073 0.76093924
0.23593912 0.76406085
0.2133364 0.7866636
0.21198276 0.7880173
0.25417072 0.7458293
0.2979021 0.7020979
0.22482327 0.77517676
0.24481858 0.75518143
0.2010842 0.7989158
0.2669076 0.7330924
0.28654432 0.7134557
0.2737863 0.7262137
0.26663744 0.73336256
0.25478017 0.7452198
0.20101263 0.7989874
0.25638637 0.7436136
0.25915474 0.74084526
0.24122392 0.75877607
0.22658521 0.7734148
0.2965132 0.7034868
0.23955014 0.7604499
0.2673597 0.73264027
0.2616827 0.7383173
0.2657818 0.73421824
0.24059665 0.75940335
0.21983963 0.78016037
0.20504133 0.79495865
0.29606873 0.7039313
0.2075467 0.7924533
0.29376495 0.70623505
0.2523966 0.7476034
0.29292828 0.7070717
0.2714355 0.7285645
0.24259841 0.7574016
0.25945023 0.7405498
0.24795078 0.7520492
0.29776657 0.70223343
0.24571648 0.75428355
0.23824847 0.76175153
0.27710837 0.7228916
0.28738344 0.71261656
0.22387263 0.77612734
0.23698452 0.7630155
0.2628291 0.73717093
0.2128018 0.7871982
0.24818425 0.75181574
0.2883344 0.71166563
0.22887167 0.7711283
0.21999136 0.7800087
0.29586172 0.7041383
0.29102284 0.70897716
0.22541586 0.7745842
0.23950781 0.7604922
0.25034988 0.7496501
0.20101158 0.7989884
0.287135 0.712865
0.2704347 0.72956526
0.2298016 0.7701984
0.2961248 0.7038752
0.20950168 0.7904983
0.22401407 0.77598596
0.21011324 0.7898868
0.2676238 0.7323762
0.24903217 0.75096786
0.2333382 0.76666176
0.28858113 0.71141887
0.27251285 0.72748715
0.26681745 0.73318255
0.22409306 0.7759069
0.29135823 0.70864177
0.29040724 0.70959276
0.25266173 0.7473383
0.23344725 0.76655275
0.24364713 0.7563529
0.264552 0.735448
0.20784973 0.79215026
0.219619 0.78038096
0.21824169 0.7817583
0.29671443 0.7032856
0.23523024 0.7647698
0.25636697 0.74363303
0.25086996 0.74913
0.26890302 0.731097
0.21776094 0.7822391
0.29163513 0.70836484
0.22569661 0.7743034
0.21019636 0.7898036
0.23889607 0.7611039
0.27423924 0.72576076
0.23015332 0.7698467
0.23734176 0.76265824
0.24840313 0.75159687
0.23137638 0.7686236
0.29564738 0.7043526
0.24660757 0.75339246
0.29281473 0.70718527
0.26298574 0.7370143
0.26600963 0.7339904
0.26699263 0.7330074
0.26170325 0.73829675
0.2439484 0.7560516
0.26516876 0.7348312
0.22267887 0.7773211
0.25474212 0.74525785
0.22959115 0.77040887
0.24985969 0.7501403
0.20606059 0.7939394
0.23427582 0.7657242
0.24807318 0.75192684
0.24503416 0.75496584
0.2927759 0.70722413
0.2088615 0.7911385
0.29680878 0.7031912
0.25106034 0.74893963
0.2828302 0.71716976
0.26943657 0.7305634
0.24021557 0.75978446
0.25945988 0.74054015
0.27331692 0.7266831
0.22708182 0.77291816
0.2022338 0.7977662
0.24001779 0.7599822
0.25526497 0.744735
0.22680189 0.7731981
0.24434751 0.7556525
0.28578687 0.71421313
0.24340406 0.75659597
0.22146179 0.7785382
0.28766075 0.7123393
0.24633372 0.7536663
0.29093364 0.7090664
0.20638138 0.7936186
0.2532801 0.7467199
0.22007439 0.7799256
0.24959667 0.75040334
0.21297172 0.7870283
0.2036765 0.7963235
0.2523869 0.7476131
0.2480624 0.7519376
0.27594468 0.7240553
0.24310306 0.756897
0.2790388 0.7209612
0.22730994 0.77269006
0.2913087 0.7086913
0.22909716 0.7709029
0.2864699 0.71353006
0.27232116 0.72767884
0.20173681 0.7982632
0.237032 0.762968
0.28482756 0.7151724
0.25049213 0.7495079
0.21010219 0.7898978
0.24815407 0.75184596
0.24001493 0.7599851
0.29630297 0.703697
0.25959295 0.74040705
0.26067513 0.73932487
0.28411728 0.7158827
0.24567036 0.7543296
0.2786742 0.7213258
0.2899235 0.7100765
0.23111355 0.76888645
0.21816324 0.78183675
0.28598723 0.71401274
0.26119438 0.73880565
0.22686853 0.7731315
0.2530982 0.7469018
0.2372384 0.7627616
0.20979504 0.79020494
0.21752615 0.78247386
0.22200456 0.77799547
0.2831792 0.71682084
0.21421786 0.78578216
0.23837128 0.76162875
0.21995893 0.7800411
0.28187436 0.71812564
0.21724868 0.7827513
0.2757429 0.7242571
0.22819284 0.7718072
0.24126461 0.7587354
0.2853051 0.71469486
0.26620823 0.73379177
0.22988391 0.7701161
0.29686666 0.70313334
0.2433021 0.7566979
0.29841694 0.701583
0.22251813 0.77748185
0.26169717 0.7383028
0.20111148 0.7988885
0.27055964 0.72944033
0.28159428 0.7184057
0.29483873 0.7051613
0.2573112 0.7426888
0.23288873 0.7671113
0.5530779 0.44692212
0.5010653 0.4989347
0.5776476 0.42235237
0.5341257 0.4658743
0.570048 0.42995203
0.59888715 0.40111285
0.5111405 0.48885947
0.58455384 0.41544616
0.5680681 0.4319319
0.57269084 0.42730916
0.55629706 0.44370294
0.5563094 0.4436906
0.5377329 0.4622671
0.5697732 0.4302268
0.5875554 0.4124446
0.57170767 0.42829233
0.52171624 0.47828376
0.57397974 0.42602026
0.5250376 0.4749624
0.5366989 0.46330112
0.5788295 0.42117047
0.5511074 0.4488926
0.5041642 0.49583578
0.56778306 0.43221694
0.53634065 0.46365935
0.59646493 0.40353507
0.5581901 0.4418099
0.53060216 0.46939784
0.5157756 0.48422438
0.54714286 0.45285714
0.5600168 0.4399832
0.5618178 0.43818218
0.52083457 0.47916543
0.58120096 0.41879904
0.5756875 0.42431247
0.56897634 0.43102366
0.59951687 0.40048313
0.5957499 0.4042501
0.56466043 0.43533957
0.56781304 0.43218696
0.518872 0.48112798
0.531205 0.468795
0.5902277 0.40977228
0.56224185 0.43775815
0.5009792 0.4990208
0.53296006 0.46703994
0.5738453 0.42615467
0.5840867 0.41591328
0.55092335 0.44907665
0.57030123 0.42969877
0.5247945 0.47520548
0.57598054 0.42401946
0.573376 0.426624
0.5345031 0.4654969
0.5309227 0.4690773
0.59085625 0.40914375
0.55755764 0.44244236
0.50320977 0.49679023
0.5957543 0.40424567
0.5271486 0.4728514
0.5790632 0.42093682
0.5511329 0.44886708
0.51336044 0.48663956
0.5209253 0.47907472
0.52022195 0.47977805
0.50921047 0.49078953
0.5653194 0.43468058
0.5587363 0.44126368
0.5960253 0.4039747
0.50704384 0.49295616
0.5408489 0.4591511
0.59907836 0.40092164
0.54971933 0.45028067
0.547216 0.452784
0.5661319 0.4338681
0.57236326 0.42763674
0.590721 0.409279
0.57028455 0.42971545
0.5191671 0.48083287
0.54268205 0.45731795
0.53665674 0.46334326
0.52918315 0.47081685
0.5596599 0.4403401
0.51269245 0.48730755
0.52077395 0.47922605
0.5571236 0.4428764
0.5435301 0.4564699
0.5824709 0.4175291
0.5770164 0.4229836
0.5555223 0.44447768
0.58322984 0.41677016
0.5774166 0.4225834
0.57795537 0.42204463
0.50657386 0.49342614
0.51111937 0.48888063
0.59190756 0.40809244
0.58763814 0.41236186
0.5713458 0.4286542
0.5896125 0.41038752
0.5085881 0.49141192
0.52427113 0.47572887
0.59388644 0.40611356
0.5096157 0.49038428
0.53871965 0.46128035
0.5570582 0.44294178
0.51845795 0.48154205
0.5632219 0.43677813
0.5065173 0.4934827
0.5751187 0.42488128
0.5612382 0.43876177
0.57901794 0.42098206
0.5502217 0.44977832
0.5038252 0.4961748
0.5652536 0.43474638
0.51806605 0.48193395
0.59149563 0.40850437
0.5072893 0.4927107
0.5507336 0.44926637
0.5356894 0.4643106
0.54310316 0.45689684
0.59448093 0.40551907
0.5929916 0.4070084
0.58069915 0.41930085
0.5330989 0.46690112
0.5302019 0.4697981
0.58714294 0.41285706
0.56607676 0.43392324
0.51712203 0.48287797
0.5292579 0.4707421
0.5370679 0.4629321
0.5302789 0.46972108
0.55672073 0.44327927
0.5740135 0.42598653
0.5011906 0.4988094
0.5633528 0.43664718
0.5048497 0.49515033
0.5440417 0.4559583
0.5154427 0.48455727
0.5134387 0.4865613
0.5809638 0.4190362
0.5410172 0.45898283
0.5600702 0.43992978
0.5993128 0.40068722
0.5810812 0.4189188
0.5409665 0.4590335
0.5350669 0.4649331
0.52333724 0.47666276
0.5181153 0.48188472
0.56644046 0.43355954
0.595085 0.40491498
0.5325738 0.46742618
0.5463087 0.4536913
0.5003852 0.49961478
0.5659229 0.43407708
0.5114292 0.4885708
0.52141804 0.47858196
0.54727066 0.45272934
0.53741777 0.46258223
0.55370885 0.44629115
0.5805411 0.41945893
0.5031111 0.49688888
0.55218107 0.44781893
0.55259216 0.44740784
0.5656291 0.43437088
0.59883845 0.40116155
0.5037378 0.4962622
0.580389 0.41961098
0.53138345 0.46861655
0.5908799 0.40912008
0.57505655 0.42494345
0.5200495 0.4799505
0.5798901 0.42010993
0.5991024 0.40089762
0.5128117 0.48718828
0.5174596 0.48254043
0.56359005 0.43640995
0.5547428 0.4452572
0.552977 0.44702297
0.5139569 0.4860431
0.5791764 0.42082357
0.58758736 0.41241264
0.5656054 0.4343946
0.5737185 0.4262815
0.55665505 0.44334495
0.53150785 0.46849215
0.57498366 0.42501634
0.588249 0.41175097
0.5636461 0.43635392
0.5546913 0.4453087
0.5779644 0.42203557
0.5623764 0.43762362
0.5887258 0.4112742
0.51466936 0.48533064
0.5869638 0.41303623
0.51219136 0.48780864
0.5841354 0.4158646
0.5296558 0.4703442
0.5332081 0.46679193
0.5987021 0.40129793
0.56645644 0.43354356
0.58036554 0.41963446
0.56527966 0.43472034
0.5978362 0.4021638
0.58648324 0.41351676
0.57248527 0.42751473
0.5328115 0.46718848
0.58204633 0.41795367
0.56458426 0.43541574
0.5078392 0.4921608
0.5506067 0.44939327
0.5438844 0.4561156
0.54543376 0.45456624
0.5510773 0.4489227
0.58842266 0.41157734
0.5181941 0.48180592
0.5856661 0.41433388
0.59195566 0.40804434
0.5472689 0.45273107
0.5005301 0.49946988
0.50708544 0.49291456
0.519928 0.48007202
0.5546775 0.4453225
0.5039751 0.4960249
0.523331 0.476669
0.5584845 0.4415155
0.5701063 0.42989367
0.5391902 0.46080983
0.58612144 0.41387856
0.5445457 0.4554543
0.53244627 0.46755373
0.52083814 0.47916186
0.56177574 0.43822426
0.5314152 0.46858478
0.5282063 0.4717937
0.57062715 0.42937285
0.59728104 0.40271896
0.5854093 0.41459072
0.58514196 0.41485804
0.5130405 0.48695952
0.53532654 0.46467346
0.560403 0.439597
0.5493616 0.4506384
0.5943244 0.4056756
0.5031104 0.4968896
0.5814219 0.4185781
0.52094406 0.47905594
0.5249209 0.47507912
0.5299038 0.47009617
0.53073126 0.46926874
0.5067752 0.4932248
0.580785 0.41921502
0.5507208 0.4492792
0.5234863 0.47651368
0.5541466 0.4458534
0.5662032 0.43379682
0.55957294 0.44042706
0.59761816 0.40238184
0.58079875 0.41920125
0.52507263 0.47492737
0.54990387 0.45009613
0.5802053 0.41979468
0.5031261 0.49687392
0.5224013 0.47759873
0.5292645 0.4707355
0.55233437 0.44766563
0.520703 0.47929698
0.58851236 0.41148764
0.5349513 0.46504867
0.5493725 0.4506275
0.5456841 0.4543159
0.59012866 0.40987134
0.56164503 0.43835497
0.5280583 0.4719417
0.5020099 0.49799007
0.5991832 0.4008168
0.5788244 0.4211756
0.5273023 0.47269768
0.51647156 0.48352844
0.53441733 0.46558267
0.57502383 0.42497617
0.542921 0.457079
0.5980798 0.4019202
0.52175605 0.47824395
0.51547277 0.48452723
0.52269614 0.47730386
0.5640912 0.4359088
0.50987506 0.49012494
0.5937291 0.40627092
0.52480996 0.47519004
0.5211169 0.4788831
0.53144604 0.46855396
0.57154554 0.42845446
0.5629319 0.4370681
0.51118296 0.48881704
0.5700167 0.42998332
0.5890546 0.41094542
0.5473962 0.45260382
0.55428624 0.44571376
0.53027683 0.46972317
0.58388436 0.41611564
0.5037418 0.4962582
0.5484466 0.4515534
0.57965034 0.42034966
0.5998511 0.40014893
0.58768094 0.41231906
0.5753079 0.4246921
0.50907207 0.49092793
0.5398571 0.4601429
0.58136266 0.41863734
0.5787467 0.42125332
0.549061 0.450939
0.5783905 0.42160952
0.5355321 0.46446788
0.557389 0.44261098
0.5940622 0.4059378
0.5439919 0.45600808
0.5158167 0.4841833
0.56728613 0.43271387
0.5989149 0.40108508
0.514009 0.485991
0.56497467 0.43502533
0.5847028 0.4152972
0.5196988 0.4803012
0.59894013 0.40105987
0.52038014 0.47961986
0.57118684 0.42881316
0.56235975 0.43764025
0.51936996 0.48063004
0.5907873 0.4092127
0.50095755 0.49904245
0.5916027 0.40839732
0.553565 0.44643497
0.52157843 0.47842157
0.5711905 0.42880952
0.5705102 0.4294898
0.54210055 0.45789945
0.51824355 0.48175645
0.5861084 0.4138916
0.5064521 0.49354792
0.52685386 0.47314614
0.53334826 0.46665174
0.5299061 0.4700939
0.53041863 0.46958137
0.5548684 0.4451316
0.59277356 0.40722644
0.5923538 0.40764618
0.5752646 0.42473543
0.540246 0.459754
0.5476195 0.45238048
0.5633177 0.43668228
0.56969994 0.43030006
0.51991683 0.48008317
0.51613116 0.48386884
0.5951363 0.40486372
0.59521216 0.40478784
0.5938944 0.40610558
0.5166185 0.4833815
0.5281626 0.4718374
0.56678015 0.43321985
0.53353995 0.46646005
0.54242176 0.45757824
0.5839738 0.41602618
0.5008711 0.49912888
0.5975913 0.40240872
0.5617579 0.43824208
0.5456124 0.4543876
0.524253 0.475747
0.5959046 0.4040954
0.5367526 0.46324742
0.56600493 0.43399507
0.5288334 0.4711666
0.5889497 0.41105032
0.5585038 0.4414962
0.5459396 0.45406038
0.552895 0.447105
0.5182013 0.4817987
0.57519233 0.42480767
0.5994555 0.40054452
0.5821791 0.41782087
0.5190976 0.48090237
0.56860214 0.43139786
0.5604036 0.4395964
0.5096294 0.49037057
0.50539184 0.49460816
0.59077924 0.40922076
0.5212631 0.47873688
0.5685808 0.4314192
0.54406506 0.45593494
0.5049671 0.4950329
0.5388019 0.4611981
0.5944001 0.4055999
0.58884245 0.41115755
0.50114906 0.49885094
0.5604842 0.43951583
0.56317043 0.43682957
0.55547917 0.44452083
0.51469696 0.48530304
0.56819475 0.43180525
0.5994095 0.40059048
0.59864026 0.40135974
0.5466855 0.45331448
0.5245749 0.47542512
0.56144947 0.43855053
0.5530162 0.4469838
0.54203516 0.45796484
0.50289154 0.49710846
0.55587065 0.44412935
0.5926909 0.40730911
0.5583701 0.4416299
0.5130205 0.48697948
0.5042677 0.4957323
0.53108156 0.46891844
0.58073115 0.41926885
0.5453023 0.45469773
0.5688514 0.4311486
0.5318931 0.46810693
0.52418804 0.47581196
0.5503377 0.44966233
0.52670187 0.47329813
0.5364189 0.4635811
0.54704046 0.45295954
0.5319774 0.46802258
0.51486397 0.48513603
0.55913734 0.44086266
0.5976455 0.40235448
0.50641006 0.49358994
0.5880549 0.4119451
0.5687468 0.4312532
0.56511533 0.43488467
0.53811324 0.46188676
0.5077405 0.4922595
0.5575509 0.4424491
0.5788393 0.4211607
0.535399 0.46460098
0.52706784 0.47293216
0.5672324 0.43276763
0.5656115 0.43438852
0.5100141 0.48998588
0.5044219 0.4955781
0.5862286 0.4137714
0.54883116 0.45116884
0.579337 0.420663
0.51079875 0.48920125
0.55479336 0.44520664
0.55732775 0.44267225
0.5127703 0.4872297
0.5852612 0.41473877
0.59119534 0.40880466
0.5784689 0.42153108
0.5509423 0.4490577
0.5631913 0.4368087
0.57997936 0.42002064
0.586305 0.41369498
0.56109947 0.43890053
0.5095864 0.4904136
0.5470639 0.4529361
0.58310103 0.41689897
0.5094108 0.4905892
0.59486586 0.40513414
0.53420925 0.46579075
0.5456639 0.4543361
0.5918164 0.40818357
0.5179112 0.4820888
0.55479 0.44520998
0.5927441 0.4072559
0.5828828 0.41711718
0.54237986 0.45762014
0.53199273 0.46800727
0.50462115 0.49537885
0.54819363 0.45180637
0.50998455 0.49001545
0.50636667 0.49363333
0.51608354 0.48391646
0.51262236 0.48737764
0.5470486 0.45295137
0.5150898 0.4849102
0.512256 0.48774397
0.5776882 0.42231178
0.5492532 0.45074677
0.5320383 0.46796173
0.5369604 0.46303958
0.51133114 0.48866886
0.56859946 0.43140054
0.5797397 0.4202603
0.5149025 0.48509753
0.53308153 0.46691847
0.56082326 0.43917674
0.5017344 0.49826562
0.5944415 0.40555853
0.52522165 0.47477835
0.52832913 0.47167087
0.5273278 0.47267222
0.56559217 0.43440783
0.5308755 0.4691245
0.5485102 0.4514898
0.5501068 0.44989318
0.5150711 0.4849289
0.57621086 0.42378914
0.59152853 0.40847147
0.5852096 0.4147904
0.5183002 0.48169982
0.5044682 0.4955318
0.5823498 0.41765022
0.5008636 0.4991364
0.53351533 0.46648467
0.5690875 0.4309125
0.5560808 0.44391918
0.59789574 0.40210426
0.5973215 0.4026785
0.5223881 0.4776119
0.5047609 0.49523908
0.5589406 0.4410594
0.5259575 0.47404248
0.54021955 0.45978045
0.5838951 0.4161049
0.5669886 0.4330114
0.53424513 0.46575487
0.5646122 0.4353878
0.5748297 0.4251703
0.50584364 0.49415636
0.50729185 0.49270815
0.5533279 0.44667208
0.5409595 0.45904052
0.57899046 0.42100954
0.5806033 0.4193967
0.5843528 0.4156472
0.5855678 0.41443223
0.5612441 0.43875593
0.5739117 0.42608827
0.5071709 0.49282908
0.5442828 0.4557172
0.57508546 0.42491454
0.5583298 0.44167018
0.5120224 0.48797762
0.5787888 0.42121118
0.5074061 0.49259388
0.5917952 0.4082048
0.59795576 0.40204424
0.50252646 0.49747354
0.5002169 0.4997831
0.54442954 0.45557046
0.5469705 0.4530295
0.5500396 0.4499604
0.59550977 0.40449023
0.55616975 0.44383025
0.59574413 0.40425587
0.59451306 0.40548694
0.5068404 0.4931596
0.55723304 0.44276696
0.5913947 0.40860528
0.5575395 0.44246048
0.5154876 0.4845124
0.5444284 0.4555716
0.5758818 0.42411822
0.5549774 0.44502258
0.500237 0.499763
0.5861509 0.41384912
0.567681 0.432319
0.5804159 0.4195841
0.58793956 0.41206044
0.58828944 0.41171056
0.50960916 0.49039084
0.54997486 0.45002514
0.50335026 0.49664974
0.59662133 0.40337867
0.50716525 0.49283475
0.54905564 0.45094436
0.59676456 0.40323544
0.53458273 0.46541727
0.5777813 0.42221868
0.5517321 0.44826788
0.53664845 0.46335155
0.57058024 0.42941976
0.5037895 0.49621052
0.5417453 0.4582547
0.5790928 0.4209072
0.54932874 0.45067126
0.5627077 0.43729228
0.51963866 0.48036134
0.53742206 0.46257794
0.5107642 0.48923582
0.5999084 0.4000916
0.53341913 0.46658087
0.5320354 0.4679646
0.575207 0.424793
0.5762587 0.42374128
0.51949006 0.48050994
0.5940999 0.40590012
0.5823163 0.41768372
0.5302647 0.46973532
0.5417912 0.4582088
0.552716 0.44728398
0.55318075 0.44681925
0.5440648 0.45593518
0.5928302 0.40716982
0.5509063 0.4490937
0.5026987 0.49730128
0.5319764 0.4680236
0.5521806 0.4478194
0.57199734 0.42800266
0.5010909 0.49890912
0.5229109 0.4770891
0.5118547 0.4881453
0.55580527 0.44419473
0.5728379 0.4271621
0.51299226 0.48700774
0.5824541 0.4175459
0.5636678 0.43633223
0.5455399 0.45446008
0.57919544 0.42080456
0.5024959 0.49750412
0.58897084 0.41102916
0.57080746 0.42919254
0.5052521 0.49474788
0.5845502 0.4154498
0.5513982 0.44860178
0.55110127 0.44889873
0.53084147 0.46915853
0.5285594 0.4714406
0.5003838 0.4996162
0.539216 0.46078402
0.5339484 0.46605158
0.5034169 0.4965831
0.5336024 0.46639758
0.56860316 0.43139684
0.50342524 0.49657476
0.5412905 0.45870948
0.57569957 0.42430043
0.5874088 0.41259122
0.5750839 0.4249161
0.54608124 0.45391876
0.59257257 0.40742743
0.57189333 0.42810667
0.55044055 0.44955945
0.5573243 0.4426757
0.56041753 0.43958247
0.5241649 0.47583508
0.5511806 0.4488194
0.5308619 0.4691381
0.5315654 0.46843457
0.5805579 0.41944212
0.568637 0.431363
0.5910227 0.40897733
0.50814056 0.49185944
0.5675005 0.43249953
0.5381042 0.46189582
0.57213956 0.42786044
0.5871695 0.41283047
0.5709642 0.42903578
0.57845694 0.42154306
0.5865514 0.41344857
0.5138622 0.4861378
0.5933531 0.4066469
0.5351214 0.46487862
0.559189 0.44081098
0.5224514 0.4775486
0.51145744 0.48854256
0.5073467 0.4926533
0.5619119 0.43808812
0.5362963 0.4637037
0.52396995 0.47603005
0.5776013 0.4223987
0.53680456 0.46319544
0.54552335 0.45447665
0.5681131 0.4318869
0.5396703 0.4603297
0.52821374 0.47178626
0.5284054 0.47159457
0.5434204 0.45657963
0.59209424 0.40790576
0.5250186 0.47498143
0.5991224 0.4008776
0.57942283 0.42057717
0.50063354 0.49936646
0.510674 0.489326
0.59019226 0.40980774
0.51119554 0.48880446
0.5572723 0.44272768
0.5704145 0.42958552
0.5030407 0.49695933
0.5191171 0.48088288
0.57520354 0.42479646
0.5596656 0.44033438
0.5737165 0.42628348
0.59679234 0.40320766
0.57671916 0.42328084
0.5474665 0.45253348
0.5710985 0.4289015
0.5232164 0.47678357
0.54717135 0.45282865
0.5118576 0.48814237
0.5709605 0.42903948
0.5865437 0.41345632
0.56658906 0.43341094
0.53602344 0.46397656
0.5290996 0.47090042
0.5253031 0.47469687
0.57104826 0.42895174
0.5245425 0.4754575
0.5523464 0.4476536
0.562022 0.43797803
0.5678229 0.43217713
0.5846142 0.41538578
0.5429783 0.4570217
0.5442661 0.4557339
0.5563202 0.4436798
0.56230944 0.43769056
0.5343098 0.4656902
0.5041726 0.49582738
0.53697306 0.46302694
0.5895527 0.4104473
0.58823335 0.41176665
0.5918065 0.40819353
0.5222629 0.47773713
0.5297563 0.4702437
0.5372959 0.46270412
0.5204725 0.47952747
0.55564266 0.44435734
0.5688315 0.4311685
0.50100493 0.49899507
0.50137067 0.49862933
0.5940745 0.4059255
0.5400306 0.4599694
0.532465 0.46753502
0.58282524 0.41717476
0.555037 0.44496298
0.58607495 0.41392505
0.57989645 0.42010355
0.5642226 0.43577743
0.5794253 0.42057472
0.59283704 0.40716296
0.5354269 0.4645731
0.59118193 0.40881807
0.5578051 0.44219488
0.5515547 0.44844532
0.58710444 0.41289556
0.5874049 0.4125951
0.5637182 0.4362818
0.5646952 0.43530482
0.54907364 0.45092636
0.59475887 0.40524113
0.504974 0.495026
0.5975343 0.4024657
0.54883814 0.45116186
0.5756578 0.42434222
0.5814055 0.41859448
0.5895995 0.4104005
0.5237056 0.4762944
0.50950176 0.49049824
0.52509534 0.47490466
0.5020143 0.49798572
0.5177407 0.48225927
0.50189096 0.49810904
0.56238574 0.43761426
0.59797585 0.40202415
0.58596474 0.41403526
0.5885968 0.41140318
0.53484476 0.46515524
0.5698899 0.4301101
0.54548264 0.45451736
0.50473535 0.49526465
0.5033233 0.49667668
0.5770867 0.4229133
0.57722306 0.42277694
0.51028216 0.48971784
0.5934947 0.4065053
0.59285265 0.40714735
0.5741998 0.4258002
0.5171197 0.4828803
0.5002796 0.4997204
0.517251 0.482749
0.56798226 0.43201774
0.5369032 0.4630968
0.5441953 0.4558047
0.526624 0.47337598
0.53251946 0.46748054
0.59484595 0.40515405
0.5887752 0.41122478
0.5796005 0.4203995
0.5063572 0.4936428
0.5775917 0.42240828
0.5987762 0.40122378
0.5841011 0.41589892
0.5865562 0.4134438
0.5830941 0.41690588
0.50617856 0.49382144
0.54151964 0.45848036
0.5689417 0.4310583
0.5510246 0.44897538
0.57405543 0.42594457
0.52173877 0.47826123
0.5204022 0.4795978
0.5023218 0.49767822
0.5937621 0.4062379
0.5947958 0.40520418
0.5167723 0.48322773
0.51747847 0.48252153
0.58157337 0.41842663
0.50270945 0.49729055
0.5136775 0.48632252
0.56788844 0.43211156
0.5470282 0.45297182
0.5157616 0.4842384
0.5658505 0.4341495
0.5358937 0.46410632
0.5071158 0.49288422
0.5034997 0.4965003
0.56136775 0.43863225
0.5304514 0.46954858
0.5802308 0.41976923
0.5932646 0.40673542
0.5161396 0.48386037
0.5742441 0.42575592
0.57355523 0.42644477
0.5605663 0.4394337
0.56336486 0.43663514
0.5076552 0.4923448
0.5573889 0.4426111
0.577583 0.42241699
0.5666793 0.4333207
0.5721996 0.42780042
0.5858665 0.4141335
0.5881344 0.4118656
0.52376175 0.47623825
0.58883536 0.41116464
0.5983174 0.40168262
0.5018329 0.4981671
0.5519863 0.44801372
0.5133423 0.48665768
0.5295171 0.4704829
0.5347135 0.4652865
0.553573 0.446427
0.5530803 0.44691968
0.5037404 0.49625963
0.5865983 0.41340172
0.5688238 0.4311762
0.57296395 0.42703605
0.58718765 0.41281235
0.5223552 0.4776448
0.549268 0.450732
0.5624165 0.4375835
0.504282 0.495718
0.5546355 0.44536448
0.59980077 0.40019923
0.5523216 0.4476784
0.5152847 0.48471528
0.5774575 0.4225425
0.54262215 0.45737785
0.5372546 0.46274543
0.52348256 0.47651744
0.51913637 0.48086363
0.53362715 0.46637285
0.56729174 0.43270826
0.5396976 0.4603024
0.5184028 0.4815972
0.5066095 0.4933905
0.55627346 0.44372654
0.53269994 0.46730006
0.5069308 0.49306917
0.54967415 0.45032585
0.5845114 0.4154886
0.5492775 0.45072252
0.5713483 0.4286517
0.56331336 0.43668664
0.59629804 0.40370196
0.5117379 0.48826212
0.5711577 0.4288423
0.51867235 0.48132765
0.5969266 0.40307337
0.57715565 0.42284435
0.5597122 0.44028783
0.56184196 0.43815804
0.50686044 0.49313956
0.5790324 0.42096758
0.5957623 0.4042377
0.5276483 0.47235167
0.58821267 0.41178733
0.5776766 0.4223234
0.5573682 0.44263178
0.5741427 0.4258573
0.5223863 0.4776137
0.5784802 0.42151982
0.5272505 0.47274947
0.5912201 0.40877992
0.5045318 0.4954682
0.56423473 0.43576527
0.50340354 0.49659646
0.5674713 0.43252867
0.5652967 0.4347033
0.5861664 0.41383362
0.50222224 0.49777776
0.53038585 0.46961415
0.5243981 0.4756019
0.5719687 0.42803133
0.5677362 0.4322638
0.5806675 0.4193325
0.5931008 0.4068992
0.5140967 0.48590332
0.51178735 0.48821265
0.5061092 0.49389082
0.5781563 0.4218437
0.55696917 0.44303083
0.50383884 0.49616116
0.53763956 0.46236044
0.5648706 0.4351294
0.52754366 0.47245634
0.5603237 0.43967628
0.53731173 0.46268827
0.5186553 0.4813447
0.54866785 0.45133215
0.5655815 0.4344185
0.5053526 0.49464738
0.5250421 0.47495788
0.5564103 0.4435897
0.5576834 0.4423166
0.5093304 0.4906696
0.578371 0.421629
0.52684075 0.47315925
0.5922909 0.40770912
0.51442766 0.48557234
0.5632697 0.43673033
0.59587646 0.40412354
0.56392413 0.43607587
0.58418834 0.41581166
0.5297897 0.4702103
0.57307965 0.42692035
0.5454564 0.4545436
0.5767262 0.4232738
0.59698486 0.40301514
0.58348846 0.41651154
0.559034 0.440966
0.511454 0.488546
0.53232163 0.46767837
0.59490603 0.40509397
0.57382506 0.42617494
0.5824536 0.4175464
0.532758 0.467242
0.5411372 0.45886278
0.51645166 0.48354834
0.5832154 0.41678458
0.5410116 0.45898843
0.5536244 0.4463756
0.565663 0.43433702
0.5310379 0.46896207
0.5625748 0.4374252
0.5818387 0.41816127
0.51893175 0.48106825
0.57775545 0.42224455
0.56735224 0.43264776
0.5307326 0.46926743
0.5016312 0.4983688
0.5634887 0.43651128
0.58289003 0.41710997
0.5696695 0.43033051
0.55509424 0.44490576
0.5804003 0.4195997
0.59661686 0.40338314
0.5296683 0.47033173
0.5133676 0.4866324
0.5758551 0.42414492
0.572666 0.427334
0.5320277 0.46797228
0.5649492 0.4350508
0.5523229 0.44767708
0.58600634 0.41399366
0.5255588 0.47444117
0.51655304 0.48344696
0.52764595 0.47235405
0.5927059 0.4072941
0.5236787 0.47632128
0.5597131 0.44028687
0.5887553 0.4112447
0.54007757 0.45992243
0.50291514 0.49708486
0.5998534 0.4001466
0.56215125 0.43784875
0.57657987 0.42342013
0.54631996 0.45368004
0.5913106 0.40868938
0.5378002 0.4621998
0.5933707 0.40662932
0.52362466 0.47637534
0.50641406 0.49358594
0.52808833 0.47191167
0.51317286 0.48682714
0.5964433 0.4035567
0.5416428 0.45835721
0.5865711 0.4134289
0.59901786 0.40098214
0.54972637 0.45027363
0.5263341 0.4736659
0.54770654 0.45229346
0.5025003 0.4974997
0.5117719 0.48822808
0.5769105 0.4230895
0.5016814 0.4983186
0.5826689 0.4173311
0.5819773 0.4180227
0.5244944 0.4755056
0.5990873 0.4009127
0.5955285 0.40447152
0.52098536 0.47901464
0.5318218 0.4681782
0.52620375 0.47379625
0.5191979 0.48080212
0.57706594 0.42293406
0.5288304 0.4711696
0.58356553 0.41643447
0.59872574 0.40127426
0.5068311 0.4931689
0.5578431 0.4421569
0.5118156 0.4881844
0.54978377 0.45021623
0.5220704 0.4779296
0.5220531 0.47794688
0.515225 0.484775
0.55959934 0.44040066
0.57470465 0.42529535
0.5673345 0.43266553
0.5351039 0.46489608
0.5056754 0.49432462
0.5945621 0.4054379
0.5112446 0.4887554
0.5725474 0.42745262
0.5861827 0.4138173
0.5272228 0.4727772
0.5872888 0.4127112
0.5413004 0.45869958
0.50547963 0.49452037
0.5865595 0.41344053
0.5441473 0.4558527
0.55137664 0.44862336
0.53391415 0.46608585
0.53141755 0.46858245
0.59804994 0.40195006
0.5206159 0.47938412
0.524079 0.47592098
0.5204887 0.47951132
0.51030695 0.48969305
0.50846434 0.49153566
0.56710595 0.43289405
0.5255771 0.47442287
0.5573862 0.44261378
0.5343815 0.4656185
0.56704736 0.43295264
0.5816773 0.41832268
0.5884509 0.4115491
0.58727324 0.41272676
0.5271391 0.47286087
0.52323294 0.47676706
0.50002795 0.49997205
0.51267594 0.48732406
0.52895355 0.47104645
0.5669098 0.4330902
0.540035 0.459965
0.53405416 0.46594584
0.528439 0.471561
0.5627028 0.43729722
0.55549395 0.44450605
0.5419673 0.45803273
0.5324244 0.4675756
0.5489926 0.45100743
0.5854181 0.4145819
0.57047236 0.42952764
0.5704463 0.4295537
0.5670953 0.43290472
0.5484931 0.4515069
0.55706906 0.44293094
0.55210817 0.44789183
0.575442 0.42455798
0.5563148 0.44368517
0.52816415 0.47183585
0.5227736 0.47722638
0.57224405 0.42775595
0.5331981 0.46680188
0.58026236 0.41973764
0.5483996 0.45160037
0.5978541 0.40214592
0.50027895 0.49972105
0.53275484 0.46724516
0.5613156 0.4386844
0.5130495 0.48695052
0.5975969 0.40240312
0.50363743 0.49636257
0.5690764 0.43092358
0.51922107 0.48077893
0.599919 0.40008098
0.5008647 0.49913532
0.5411739 0.45882612
0.57741785 0.42258215
0.57231045 0.42768955
0.5724784 0.4275216
0.53226876 0.46773124
0.5483599 0.45164013
0.50823116 0.49176884
0.56365436 0.43634564
0.5633697 0.4366303
0.561903 0.438097
0.5098801 0.49011987
0.59142834 0.40857166
0.59864247 0.40135753
0.55776936 0.44223064
0.5178194 0.4821806
0.5046969 0.4953031
0.5596146 0.4403854
0.5183275 0.48167253
0.5134628 0.48653722
0.58337957 0.41662043
0.5586489 0.44135112
0.52036196 0.47963804
0.57561964 0.42438036
0.5946955 0.4053045
0.53222835 0.46777165
0.51517457 0.48482543
0.5421159 0.45788407
0.56189805 0.43810195
0.5569395 0.44306052
0.5586315 0.44136852
0.5786356 0.42136443
0.5031339 0.4968661
0.57099426 0.42900574
0.502144 0.49785602
0.50284106 0.49715894
0.5659238 0.4340762
0.5419483 0.45805168
0.5534665 0.4465335
0.56754625 0.43245375
0.5226182 0.47738183
0.50690365 0.49309635
0.5884342 0.41156578
0.5979693 0.4020307
0.5849453 0.41505468
0.5442196 0.4557804
0.5651147 0.43488532
0.5037447 0.49625528
0.54797035 0.45202965
0.50840354 0.49159646
0.56330585 0.43669415
0.5205703 0.47942972
0.500828 0.49917197
0.5225147 0.4774853
0.5883843 0.41161573
0.5217823 0.47821772
0.5718554 0.42814457
0.5747747 0.42522532
0.5957466 0.40425342
0.5253801 0.47461993
0.5653549 0.43464512
0.5055851 0.49441493
0.5172611 0.4827389
0.5659017 0.4340983
0.52517086 0.47482914
0.52450603 0.47549397
0.55848444 0.44151556
0.5407614 0.4592386
0.5925872 0.40741283
0.510936 0.48906398
0.5259975 0.47400248
0.50072527 0.49927473
0.5057424 0.49425763
0.5053073 0.49469268
0.5420305 0.4579695
0.51905996 0.48094004
0.5167754 0.48322457
0.5807052 0.41929477
0.5838663 0.4161337
0.5557321 0.44426793
0.5444129 0.4555871
0.5177037 0.4822963
0.5715179 0.42848212
0.58197933 0.41802067
0.52209574 0.47790426
0.5513445 0.4486555
0.50306827 0.49693173
0.56370324 0.43629676
0.59621173 0.40378827
0.56244624 0.43755376
0.50913393 0.49086607
0.56537926 0.43462074
0.53110623 0.46889377
0.5255321 0.47446787
0.5208429 0.4791571
0.5618979 0.43810213
0.5238789 0.47612113
0.55504084 0.44495916
0.54129463 0.45870537
0.50152934 0.49847066
0.55547684 0.44452316
0.59607404 0.40392596
0.5202114 0.4797886
0.5170069 0.48299313
0.56385636 0.43614364
0.5814037 0.41859633
0.5542953 0.4457047
0.55504566 0.44495434
0.5942062 0.4057938
0.53609437 0.46390563
0.5599244 0.44007558
0.57171166 0.42828834
0.50619686 0.49380314
0.50355244 0.49644756
0.5398709 0.46012908
0.515899 0.484101
0.5549262 0.44507378
0.5981256 0.40187442
0.5882816 0.41171843
0.55587566 0.44412434
0.56734985 0.43265015
0.57294387 0.42705613
0.5822244 0.41777557
0.5772907 0.4227093
0.5370771 0.46292287
0.5579437 0.4420563
0.5524188 0.44758117
0.52923113 0.47076887
0.5854519 0.4145481
0.54528844 0.45471156
0.52467024 0.47532976
0.56882334 0.43117666
0.554846 0.445154
0.52185047 0.47814953
0.54487306 0.45512694
0.5293199 0.47068012
0.52178156 0.47821844
0.5975618 0.40243822
0.51546615 0.48453385
0.5392127 0.4607873
0.5830638 0.41693622
0.5875443 0.41245568
0.53135145 0.46864855
0.55748445 0.44251555
0.5217701 0.47822988
0.5218994 0.4781006
0.59088486 0.40911514
0.5931937 0.4068063
0.5650198 0.4349802
0.52910984 0.47089016
0.5481603 0.4518397
0.5800791 0.41992092
0.5903947 0.40960532
0.5916482 0.40835178
0.5012562 0.49874377
0.58881533 0.41118467
0.5504091 0.44959092
0.5991167 0.40088332
0.5025275 0.49747252
0.5892545 0.4107455
0.56804764 0.43195236
0.5163544 0.48364562
0.55117315 0.44882685
0.5296677 0.47033232
0.5062736 0.49372637
0.59246916 0.40753084
0.5694053 0.43059468
0.5594757 0.44052428
0.5478466 0.45215338
0.565577 0.43442303
0.5335406 0.4664594
0.5742924 0.42570758
0.58977324 0.41022676
0.55909204 0.44090796
0.5763041 0.42369592
0.57143784 0.42856216
0.5568271 0.44317287
0.53642595 0.46357405
0.5398927 0.46010733
0.55553603 0.44446397
0.56575966 0.43424034
0.5250256 0.4749744
0.5045256 0.4954744
0.5890124 0.41098762
0.56537354 0.43462646
0.5633149 0.4366851
0.5694004 0.43059957
0.5198114 0.4801886
0.51190054 0.48809946
0.5171217 0.48287833
0.589362 0.41063797
0.5025915 0.4974085
0.5762036 0.42379642
0.5051002 0.4948998
0.5143692 0.4856308
0.5699417 0.4300583
0.5593945 0.44060552
0.5364614 0.4635386
0.574059 0.425941
0.5200687 0.4799313
0.55709416 0.44290584
0.5841016 0.41589838
0.50030804 0.49969196
0.58949375 0.41050625
0.5708057 0.42919427
0.582968 0.417032
0.55853856 0.44146144
0.59250057 0.40749943
0.5209259 0.47907412
0.5079377 0.49206227
0.5312712 0.46872878
0.5924522 0.40754777
0.5231784 0.4768216
0.54912984 0.45087016
0.511304 0.48869598
0.5037431 0.4962569
0.5805129 0.41948712
0.512913 0.487087
0.5102341 0.48976588
0.5183707 0.4816293
0.5071623 0.49283773
0.5225159 0.4774841
0.53581566 0.46418434
0.51875275 0.48124725
0.51472056 0.48527944
0.5560175 0.44398248
0.5677379 0.43226212
0.59016454 0.40983546
0.58756727 0.41243273
0.5992109 0.40078908
0.5562494 0.44375062
0.5676999 0.4323001
0.5174919 0.48250812
0.55394024 0.44605976
0.50627196 0.49372804
0.5633451 0.43665493
0.59086704 0.40913296
0.53246284 0.46753716
0.5910355 0.4089645
0.52062476 0.47937524
0.5062973 0.4937027
0.5868688 0.41313118
0.5879317 0.4120683
0.5235078 0.47649223
0.5847519 0.4152481
0.52171594 0.47828406
0.5154069 0.4845931
0.5465937 0.45340627
0.5931888 0.40681118
0.5867139 0.4132861
0.5315428 0.46845722
0.5766121 0.42338789
0.51211613 0.48788387
0.5777948 0.4222052
0.5385899 0.4614101
0.53533155 0.46466845
0.58678144 0.41321856
0.5921763 0.40782368
0.5861293 0.4138707
0.51025456 0.48974544
0.5929913 0.4070087
0.5151551 0.48484492
0.5487498 0.4512502
0.5779379 0.4220621
0.50177824 0.49822176
0.5476765 0.4523235
0.5763004 0.42369962
0.5207398 0.4792602
0.5274733 0.47252673
0.54503846 0.45496154
0.561188 0.43881202
0.55208874 0.44791126
0.5011114 0.4988886
0.5930729 0.4069271
0.50718176 0.49281824
0.5118561 0.48814392
0.52029157 0.47970843
0.56087285 0.43912715
0.5284659 0.47153407
